Sentence: I absolutely love this new restaurant, the food is amazing!
Embedding: tensor([[-1.6839e-01, -3.9668e-01,  4.2607e-01,  1.9269e-01, -1.9031e-02,
         -1.5774e-01, -1.3984e-01, -1.3830e-01, -1.9721e-01,  1.3648e-01,
          2.0955e-01, -1.4192e-02, -1.3203e-01, -8.7803e-02,  3.6295e-02,
         -1.9982e-01,  3.3373e-01,  1.4997e-02,  4.8134e-02, -5.8162e-02,
          1.4796e-01, -2.2255e-01,  1.0090e-01,  3.5890e-01, -1.4568e-01,
          4.6662e-01,  1.8918e-01,  2.4405e-01, -5.8902e-01, -4.1537e-01,
          2.6827e-02,  4.5354e-02, -1.5738e-01, -3.3588e-02, -2.9833e-02,
         -2.7030e-01,  3.4684e-01, -3.5876e-01,  1.0650e-01, -1.7529e-01,
          9.4073e-02,  5.3565e-01,  4.2474e-01,  1.7550e-01, -3.2050e-01,
          2.2534e-01, -1.2794e-01, -2.2685e-01,  8.6536e-02,  1.1009e-01,
          1.0455e-01,  3.3415e-01,  3.5628e-01, -7.8764e-02, -4.7943e-02,
         -1.0399e-01, -3.0613e-01,  1.1337e-01, -1.6690e-01, -1.3514e-01,
          5.1321e-01,  1.4083e-01, -4.8803e+00, -1.2731e-01, -3.0104e-01,
          1.1573e-02,  9.1174e-02, -5.9913e-02, -1.2233e-01, -2.4262e-01,
          2.9703e-01, -2.4209e-01,  4.0076e-01, -2.3743e-02, -3.5757e-03,
         -3.5224e-03,  2.7633e-01,  1.1211e-02,  1.7098e-01,  2.4322e-01,
          1.8718e-01, -1.8251e-01,  1.4397e-01, -7.1097e-02, -8.8764e-02,
         -2.2311e-01, -1.1529e-01, -1.1199e-01, -2.1416e-01, -1.9438e-01,
          1.7638e-01, -3.1602e-02, -2.7351e-01, -6.9458e-02,  1.5905e-02,
         -1.3405e-01,  6.6850e-02,  1.5629e-01, -7.5134e-02,  4.8624e-01,
         -3.2580e-01,  2.1892e-01,  1.9702e-02, -1.4762e-01,  1.9801e-01,
         -2.8896e-02, -2.4699e-01,  3.2630e-01,  2.9301e-01, -1.6249e-01,
          9.3013e-03,  3.0135e-01, -2.5967e-02,  6.4089e-02, -2.7330e-01,
         -1.4233e-01,  1.0180e-01, -1.8209e-01, -1.3820e-01, -1.3672e-01,
          1.9363e-01,  3.3372e-01, -1.4366e-01,  3.3864e-01, -2.8701e-01,
         -1.6840e-02,  3.4598e-02, -2.4201e-32,  1.6474e-01,  2.5368e-01,
          2.8088e-01, -1.9563e-01,  4.7553e-01,  7.9066e-02,  4.9668e-02,
         -2.6509e-01, -3.0097e-01,  3.9093e-01, -2.1146e-01, -1.7708e-01,
          1.3125e-01,  3.4055e-01,  3.1438e-01,  4.2675e-02,  6.9344e-02,
          1.7831e-01,  2.0513e-01,  9.3859e-02, -1.0221e-01,  1.4007e-01,
          2.0226e-02, -9.9852e-02, -4.3534e-02, -1.6830e-01, -1.0269e-01,
         -4.6953e-02,  1.4615e-01, -5.6450e-03, -3.0292e-01,  2.0967e-01,
         -5.5243e-02,  1.0209e-01, -1.5570e-01, -4.3603e-01, -1.6402e-01,
         -9.0896e-02,  1.5560e-02,  1.9763e-01,  2.4647e-01, -1.6879e-02,
         -9.8207e-03,  3.7734e-01, -1.2033e-01,  2.3540e-01, -2.8044e-01,
         -9.2918e-03,  2.1957e-01, -2.6945e-02, -3.4009e-02,  7.3361e-02,
          4.4164e-01,  2.8808e-01, -1.5244e-01,  1.1755e-01,  1.7682e-03,
         -1.3160e-01,  3.6113e-01, -5.1368e-01, -1.3903e-01,  6.1198e-01,
         -6.1384e-02,  4.5267e-01,  3.1445e-01, -2.8953e-01,  1.7232e-01,
          2.0692e-01,  3.3395e-01,  1.4187e-01,  3.8838e-01, -2.4487e-01,
         -6.3582e-01,  3.9385e-01,  9.3600e-02,  2.7128e-01,  1.8735e-01,
         -1.9886e-01,  2.1102e-01, -4.3096e-02,  4.6370e-01, -1.0697e-01,
         -3.6574e-01,  1.5508e-02, -1.8472e-01,  9.9170e-02, -1.8450e-01,
         -4.2891e-02,  1.5429e-01,  2.8774e-01,  4.8281e-01, -3.3649e-01,
          2.6587e-01, -2.3950e-01,  4.1222e-01,  2.6645e-32,  2.1189e-01,
          1.4982e-01, -1.5864e-01,  6.7159e-02, -2.6317e-01, -3.8575e-02,
         -5.9064e-02,  5.7464e-02,  1.3688e-02, -3.2976e-03,  2.7285e-01,
          2.5786e-01,  5.4471e-02,  1.1500e-01, -1.9792e-01, -1.9427e-01,
         -2.9432e-01,  5.9988e-02, -4.0409e-02, -5.4099e-02,  1.7731e-01,
         -2.6291e-01, -2.0852e-01, -2.3943e-01,  9.3973e-02,  1.8294e+00,
          4.5858e-01,  9.9334e-03,  2.6641e-02, -4.3250e-01, -2.3638e-01,
          1.1038e-01,  4.1848e-01,  1.2147e-01, -2.4539e-01,  1.0006e-01,
         -6.4282e-02, -4.8144e-01,  2.4950e-01,  4.3030e-01,  1.5698e-01,
         -4.2012e-01,  1.6599e-01,  4.3910e-01,  7.5869e-02,  3.9948e-02,
          3.3583e-01,  1.3255e-01, -4.7061e-01, -4.4951e-01,  1.8471e-02,
         -1.0821e-01,  2.3446e-01, -1.1890e-01,  1.1815e-01,  2.0270e-01,
          1.0605e-02, -1.4428e-01,  1.2505e-01,  9.0650e-02, -2.0081e-01,
          2.3536e-01, -1.8165e-01,  5.4943e-01,  1.2652e-02,  2.7267e-01,
          1.7035e-01, -7.7436e-01, -2.8235e-01,  5.8550e-02, -4.3151e-01,
          6.7703e-02, -2.0423e-01,  5.0699e-02,  5.0241e-02, -6.3146e-02,
          1.9753e-01, -5.5125e-01, -1.4211e-03,  7.6770e-03, -1.3445e-01,
         -2.0891e-01,  5.3706e-03,  1.1314e-01, -9.5865e-02,  1.5057e-01,
         -3.5951e-05,  3.0970e-01, -1.1691e-01,  5.9635e-01,  2.9144e-01,
          4.8947e-01, -3.1162e-01,  8.1015e-02,  2.8964e-01, -9.4121e-08,
          2.7949e-01, -2.4740e-01, -4.4730e-01,  5.3829e-02,  1.5883e-01,
         -1.8287e-01, -2.0909e-01,  1.7252e-01, -2.3990e-01, -5.5207e-02,
         -3.4816e-01,  8.1765e-02, -1.9063e-01,  2.1729e-01,  1.7286e-01,
          4.2726e-01,  6.8058e-01,  2.0546e-01,  1.4443e-01,  2.8892e-01,
         -1.6635e-01,  1.9310e-02,  4.4859e-01,  1.2707e-01,  1.8174e-01,
         -3.7042e-01,  4.7654e-03, -4.0786e-01,  1.4144e-01, -4.0390e-01,
          2.9251e-01,  3.3629e-01, -2.3450e-01,  3.4612e-01, -3.4862e-02,
          6.4027e-02,  8.6731e-02, -4.7463e-01, -2.8946e-02,  4.2243e-01,
         -3.6298e-01, -4.7228e-01, -3.0468e-01, -5.5937e-02, -6.1062e-01,
          1.8306e-02, -1.4464e-02,  3.8255e-01, -2.2614e-01,  5.8539e-02,
         -1.8088e-01, -1.8196e-01,  8.4871e-02,  1.7885e-01,  2.1482e-01,
         -4.9452e-02,  6.9855e-02,  4.3259e-02,  1.2233e-01,  6.3740e-01,
          2.0515e-01, -3.3242e-02, -3.0199e-01,  1.7986e-02]])

--------------------------------------------------------------------------------

Sentence: The customer service was terrible and I'll never shop here again.
Embedding: tensor([[-1.2859e-02, -5.7801e-02,  3.9215e-01,  1.0228e-01,  8.7079e-02,
         -1.0866e-01, -9.0816e-02, -5.9650e-02, -9.9884e-02,  1.9686e-01,
          1.3568e-01,  2.6867e-01,  1.0660e-01,  4.1194e-03,  1.6761e-02,
         -5.6921e-02,  2.0090e-01, -9.5393e-02,  6.6528e-02, -7.1609e-02,
          3.4084e-02,  1.2978e-02,  9.3580e-02,  2.4892e-01, -3.1942e-01,
          3.8399e-01, -1.7294e-01,  1.5515e-01, -6.6835e-01, -2.9153e-01,
         -2.1918e-01, -2.0173e-02, -1.0465e-01,  6.8454e-02, -2.7078e-02,
         -2.2951e-01,  1.8853e-01, -2.2469e-01,  8.5980e-02, -2.9546e-01,
          1.7343e-01,  5.0322e-01,  1.6395e-01,  2.8407e-02, -2.3387e-01,
         -1.1707e-01,  1.9012e-01, -3.5102e-01, -1.5193e-01, -2.7344e-02,
          3.0346e-01,  3.2176e-01,  2.1607e-01, -7.5386e-02, -1.4743e-01,
         -1.5278e-01, -8.0142e-02,  3.1643e-01, -8.0995e-02, -6.7551e-02,
          3.8975e-01, -9.3934e-02, -4.9817e+00, -9.7807e-02, -4.5876e-01,
          3.0394e-01,  2.7029e-02, -3.4189e-01,  2.7246e-02, -9.3168e-02,
         -3.1709e-02, -2.4517e-01,  3.0425e-01,  1.1573e-01, -7.0092e-02,
          3.6964e-02,  4.6749e-01, -3.1469e-03,  2.2644e-01,  2.2164e-01,
         -7.5143e-02, -1.4367e-01,  1.5934e-01,  3.4237e-03, -1.0156e-01,
         -9.6461e-02,  3.2381e-01, -1.6457e-01, -2.1670e-02, -2.6477e-02,
          1.7127e-01,  9.6590e-02,  1.8684e-01,  3.5235e-02,  1.9385e-01,
         -2.9949e-01,  2.9904e-01,  3.5823e-01, -6.0189e-02,  3.5089e-01,
          2.9738e-02,  2.0238e-01,  4.6140e-02, -2.2667e-01,  2.3739e-01,
         -9.2390e-02, -4.7752e-01,  4.3500e-01,  1.8760e-01, -2.2698e-01,
         -4.4719e-02,  1.4018e-01, -2.6482e-01,  1.1969e-01, -1.6732e-01,
         -3.3891e-02, -2.4462e-01, -1.5850e-01, -4.5683e-02,  9.0853e-02,
          1.8045e-01,  2.3143e-01, -7.7747e-02,  1.7837e-01, -2.2210e-01,
         -7.9275e-03,  1.1910e-01, -2.1694e-32,  1.5109e-01,  2.6154e-01,
          1.7053e-02, -2.2540e-01,  2.6405e-01,  1.7483e-02,  5.3345e-02,
          1.5436e-01,  2.2290e-02,  6.0159e-01,  1.2240e-01, -1.4338e-01,
          5.1603e-02,  3.0732e-01,  3.1072e-01,  1.4299e-01,  4.0515e-02,
          2.4013e-01,  4.1287e-02, -4.7364e-03, -1.7029e-01,  2.8005e-01,
          1.2734e-01, -1.6790e-01,  2.4909e-01, -8.4106e-02,  1.9387e-02,
          1.7096e-01,  4.7776e-01,  5.5683e-04, -9.3229e-02,  5.5390e-02,
          2.4534e-01, -1.6998e-01,  1.9155e-01, -5.8010e-01, -1.5517e-01,
         -3.4416e-02,  1.0729e-01,  1.7618e-01,  4.4014e-02,  2.4489e-02,
          1.6937e-01,  5.9898e-02, -4.4519e-02,  3.2556e-01, -2.9868e-01,
         -1.4173e-01,  2.6365e-01,  2.3080e-01, -2.3810e-01,  1.4472e-01,
          5.1771e-01,  2.6850e-01, -1.8753e-01,  8.7860e-02,  1.9196e-01,
         -2.2704e-01, -7.7998e-02, -2.6916e-01,  2.0376e-02,  2.4291e-01,
         -1.4136e-02,  3.2087e-01,  3.5997e-01, -3.1239e-01,  9.3071e-02,
          6.9978e-02, -1.1338e-01,  1.0325e-01,  3.2938e-01, -9.0545e-02,
         -3.7742e-01,  1.6529e-01, -3.8750e-01,  1.5887e-01,  2.2008e-01,
         -5.2693e-02,  3.3846e-01, -7.3203e-02,  3.1488e-01,  7.2916e-02,
         -3.1312e-01,  2.5865e-04,  1.3985e-01, -1.6949e-01,  6.5605e-03,
         -1.1347e-02,  1.1319e-01,  2.7040e-01,  2.3460e-01, -1.2569e-01,
         -5.5768e-03, -3.2287e-01,  5.5344e-01,  2.4894e-32,  1.1684e-01,
         -5.9380e-02,  4.2523e-02,  1.6303e-01, -6.0233e-02,  4.6253e-02,
          3.5379e-02,  2.2216e-03,  1.2995e-01,  2.0115e-01,  3.3682e-01,
          3.1862e-01,  3.3122e-02,  1.4208e-01, -4.3031e-02, -1.9492e-01,
         -3.5261e-01, -1.9194e-01, -3.3910e-01, -1.3611e-01,  2.8450e-01,
         -3.1243e-01, -1.0079e-01, -8.8791e-02,  3.3343e-02,  2.0402e+00,
          1.8064e-01, -3.7084e-01,  1.5011e-02, -1.8598e-01, -5.6565e-02,
          2.3290e-01,  1.6973e-01,  4.2773e-01, -2.3208e-01, -7.7614e-02,
          4.0552e-02, -5.1897e-01, -3.3031e-02,  4.3876e-02, -4.2870e-02,
         -6.5384e-02,  1.4620e-01,  2.1681e-01,  6.0520e-04, -6.8812e-02,
          3.2342e-01,  1.5776e-01, -3.2650e-01, -6.5020e-02, -3.6423e-01,
          6.8408e-02,  1.9806e-01, -1.4219e-02, -2.4421e-01,  1.5376e-01,
         -1.0078e-01, -3.1039e-01,  1.0925e-01,  1.1605e-01, -1.1525e-01,
          1.7665e-01, -1.5491e-01,  1.2655e-01, -2.6296e-01,  8.1045e-02,
          5.8120e-02, -3.9707e-01, -4.3118e-01,  3.2100e-02, -9.0056e-02,
          9.3401e-03,  4.6062e-02, -3.1110e-02, -8.7585e-02, -1.2760e-01,
         -5.1611e-02, -4.7963e-01,  4.2156e-02, -5.4520e-03,  8.7860e-02,
         -1.5044e-01,  6.9710e-02,  2.3903e-01, -1.6417e-02,  1.0835e-01,
          1.4979e-01,  2.9713e-01,  6.6582e-02,  3.5033e-01,  2.7976e-01,
          2.1370e-01, -1.6082e-01,  2.5569e-01,  1.3610e-01, -9.3441e-08,
          9.4554e-02, -2.0078e-01, -1.6658e-01, -9.7745e-03,  3.2648e-02,
         -1.5820e-01, -3.8055e-02,  5.1987e-01, -2.1830e-01,  4.6177e-02,
         -4.4372e-01,  1.2090e-01, -2.5253e-01, -2.6172e-02,  1.2097e-01,
          2.7275e-01,  2.5049e-01,  3.5340e-02,  8.1786e-02,  4.0365e-02,
         -1.8657e-01, -2.6289e-01,  1.9387e-01,  1.9059e-01,  1.3943e-01,
         -1.5683e-01, -1.5255e-01, -1.6196e-01,  1.4394e-01, -2.4352e-01,
          1.7463e-01,  4.0722e-01, -2.1754e-01,  7.1502e-02, -1.3340e-01,
          1.8566e-03,  1.0870e-01, -3.9365e-01,  1.7335e-01,  4.4180e-01,
         -1.3930e-01, -3.8950e-01, -4.8948e-02, -6.3609e-02, -2.0081e-01,
         -8.6773e-02,  8.8761e-03,  2.4170e-01, -3.1109e-01, -3.8637e-02,
         -2.3921e-01, -3.1569e-02, -2.5613e-01,  2.6691e-01,  3.3311e-02,
         -1.6164e-01, -2.6418e-03,  6.6598e-02, -2.3185e-01,  4.7440e-01,
          3.0353e-01,  2.9884e-01, -1.1459e-01,  2.0785e-01]])

--------------------------------------------------------------------------------

Sentence: This movie was a complete waste of time and money.
Embedding: tensor([[-1.5876e-01, -2.3638e-01,  3.1226e-01,  9.1775e-02,  1.8003e-01,
          8.8661e-02, -2.1133e-01, -1.2026e-01,  2.4881e-02,  2.5920e-01,
         -6.5799e-02,  1.9848e-01, -4.8193e-02,  5.2566e-02,  1.1555e-01,
          5.0790e-02,  6.0391e-02, -1.1826e-01,  3.9322e-02, -2.0284e-01,
          8.8643e-02,  1.0977e-01,  2.5143e-01,  3.6104e-01, -2.2984e-01,
          3.4242e-01,  5.1458e-03,  2.0120e-01, -6.6172e-01, -1.6187e-01,
          2.3619e-01,  1.3460e-01, -3.0054e-01,  7.4303e-02, -7.6483e-02,
         -1.1335e-01,  1.1058e-01,  1.3747e-01, -8.5824e-02, -3.2516e-01,
          1.6600e-01,  2.5782e-01,  2.9040e-01,  3.3894e-02, -2.1648e-01,
         -1.9834e-01,  2.8146e-01, -2.7272e-01, -5.4546e-02, -1.4360e-01,
          1.7067e-01,  2.7130e-01,  8.7388e-02, -1.4229e-01, -9.1205e-02,
         -2.1740e-01,  1.7615e-01,  8.3397e-02, -8.4802e-02, -9.2407e-02,
          3.5648e-01, -9.1168e-02, -4.8877e+00, -2.2567e-01, -2.7682e-01,
          1.5841e-01,  7.2825e-02, -2.6888e-01,  1.4489e-02, -2.8795e-02,
          1.6079e-01, -1.2828e-01,  2.6415e-01, -9.5687e-02, -2.7971e-02,
         -1.1890e-01,  3.4074e-01,  4.1065e-02,  6.5474e-02,  1.3738e-01,
         -1.0082e-01, -1.3123e-01,  6.1926e-02, -1.1117e-01,  4.4733e-02,
          3.1119e-02, -5.6176e-02, -1.9322e-01, -2.6876e-01,  2.7001e-01,
         -1.2176e-01, -1.0324e-01,  8.1348e-02,  7.2663e-02,  7.9133e-02,
         -1.9771e-01,  1.7982e-01,  4.1010e-01, -2.8167e-01,  7.1399e-01,
         -1.9151e-03, -1.7310e-01,  1.1668e-01, -2.1606e-01,  4.2813e-01,
         -1.4614e-01, -1.1288e-01,  2.6097e-01,  8.3033e-02, -2.1046e-01,
         -2.0150e-02,  7.3666e-02, -1.6009e-01,  3.7178e-01, -1.2767e-02,
          7.2023e-02, -5.0194e-02, -2.4942e-01, -1.3094e-01,  1.0808e-01,
          1.9759e-01,  1.3483e-01, -4.2430e-02,  2.5026e-01, -1.0920e-01,
         -2.1280e-01,  1.0475e-01, -3.3288e-32,  2.0223e-01,  1.9608e-01,
          1.5861e-01, -1.0006e-01,  1.9255e-01,  3.4982e-02,  1.0256e-02,
          5.5867e-02, -9.7403e-02,  3.7880e-01, -2.2778e-01, -2.9581e-01,
         -6.3329e-02,  2.1509e-01,  8.5653e-02,  4.1716e-01,  1.2286e-02,
          1.3157e-01,  1.1775e-01, -7.0259e-02, -1.2306e-01,  3.1592e-01,
         -6.8951e-02, -1.3724e-01,  1.2539e-01, -3.5153e-01, -1.3391e-01,
         -8.7338e-03,  2.8885e-01,  7.2055e-02, -3.3300e-01,  3.1226e-01,
          1.4050e-01,  2.0145e-02,  2.1671e-01, -4.2401e-01, -4.0696e-02,
         -6.1123e-02,  5.3429e-02,  3.5776e-01, -7.2155e-02, -3.1841e-02,
         -1.4031e-01,  3.3969e-02, -1.6845e-02,  4.8179e-01, -1.3133e-01,
          1.0035e-02,  7.1555e-02,  3.3780e-01,  1.2252e-01,  9.7802e-02,
          4.5047e-01,  1.3446e-01, -1.4428e-01,  2.4676e-01,  2.3402e-01,
         -7.3929e-02,  1.6641e-01, -3.4534e-01, -1.0775e-01,  1.6788e-01,
         -6.2655e-03,  7.7203e-01,  1.5602e-01, -7.6526e-02,  1.8272e-01,
          6.7289e-02, -2.6932e-01,  1.7101e-01,  1.5991e-01, -3.1802e-01,
         -4.0645e-01,  2.4678e-01, -1.5308e-01,  1.3077e-01,  3.4049e-01,
         -3.1107e-03,  2.9578e-01, -3.2039e-02,  1.7611e-01, -8.3865e-02,
         -4.8594e-01,  4.7082e-03,  1.4073e-01, -3.6413e-01, -6.2028e-02,
         -7.2558e-03,  2.3532e-01,  2.1716e-01,  2.0631e-01, -2.6674e-01,
         -2.6860e-03, -2.8317e-01,  5.8678e-01,  3.3950e-32,  7.1496e-02,
          6.3638e-03, -1.2570e-03,  1.2333e-02,  1.1274e-01,  9.7812e-02,
         -2.0086e-01, -1.2185e-01,  7.1180e-02, -1.3913e-01,  2.3982e-01,
          2.1942e-01,  8.7019e-02, -3.2815e-02, -1.4234e-01, -1.3519e-01,
         -2.7502e-01, -1.8991e-01, -3.0856e-01,  7.6333e-02,  1.8556e-01,
         -3.0872e-01, -5.8280e-02, -2.1235e-01, -1.6958e-01,  1.9768e+00,
          2.9544e-01, -2.9150e-01,  1.5093e-01, -2.8426e-02, -1.4157e-01,
          2.7766e-01,  3.1466e-02,  1.1453e-01, -2.3094e-01,  7.2612e-02,
          1.1076e-01, -2.5288e-01,  1.5817e-02, -1.2824e-01,  2.2026e-01,
         -1.9949e-01, -7.0496e-02,  8.8913e-02,  1.4985e-01,  2.2471e-01,
          3.6850e-01,  4.6808e-01, -3.9798e-01,  1.3694e-02, -4.7099e-02,
          2.6642e-01,  1.7132e-01,  9.6699e-03, -9.5504e-02,  1.1378e-02,
         -1.6102e-01, -3.4135e-01,  3.0557e-01,  1.8292e-01, -3.0560e-01,
          8.8588e-02, -1.1932e-02,  8.9797e-02, -3.5979e-01,  1.6144e-01,
          1.1141e-01, -4.3205e-01, -3.8031e-01,  7.8833e-02, -1.8447e-01,
         -1.5093e-01,  1.9650e-02,  1.4443e-01, -1.3220e-01, -5.1935e-02,
         -3.5330e-01, -3.0393e-01, -1.0456e-01,  1.5582e-01,  1.1937e-01,
         -2.0888e-01,  1.8342e-02,  4.5120e-02, -2.9756e-01,  2.2760e-01,
          1.3241e-01,  1.5296e-02,  3.4742e-01,  3.6036e-01,  3.0767e-01,
          9.3667e-02, -1.5655e-01,  9.7164e-02, -2.6155e-02, -9.0317e-08,
          2.3038e-02, -5.1680e-02, -7.8672e-02, -2.2302e-01, -2.7071e-01,
          2.0984e-01, -2.4297e-02,  5.5736e-01, -9.8574e-02,  2.6635e-01,
         -4.4538e-01,  1.5811e-02, -3.0425e-02,  2.7218e-01,  5.5024e-02,
          4.3053e-01,  4.6467e-01, -1.6829e-01,  8.5707e-02,  3.0290e-01,
         -1.2297e-01, -2.7691e-01,  3.0352e-01,  6.6584e-02,  2.7240e-01,
         -1.4127e-01, -4.5537e-02, -1.7736e-01,  1.7807e-01, -5.6708e-02,
          1.4692e-01,  4.0295e-01, -3.2171e-01,  2.0059e-01, -1.4839e-02,
          2.6665e-01,  1.5383e-01, -4.1551e-01,  1.1176e-01,  5.3639e-01,
          5.5341e-02,  1.4732e-02,  5.6240e-02, -7.6201e-02,  3.0750e-02,
          6.6239e-02,  2.6175e-01,  8.9643e-02, -2.8148e-01, -1.6206e-01,
          4.8302e-02, -1.5973e-02, -3.7888e-01,  3.0971e-01,  1.3013e-01,
          2.9386e-02,  8.6814e-02,  7.0743e-02, -2.3609e-01,  1.0657e-01,
          1.5605e-01,  2.6527e-01,  7.2190e-02, -7.2872e-02]])

--------------------------------------------------------------------------------

Sentence: The weather today is perfect for a picnic in the park.
Embedding: tensor([[-4.7806e-02, -4.8861e-02,  6.7845e-01,  2.9463e-01,  1.2191e-01,
         -1.0872e-01,  2.7170e-01, -1.0786e-01, -1.2264e-01,  2.7618e-01,
          2.9871e-02, -1.4544e-01, -3.5284e-01,  2.0205e-02,  2.6966e-01,
          4.8526e-02,  1.0671e-01,  1.5775e-01,  4.7019e-02, -1.1552e-01,
         -2.5722e-01, -9.9323e-02,  8.4143e-02,  2.4685e-01, -1.6441e-01,
          2.0854e-01,  2.0843e-02,  8.7452e-02, -4.8257e-01, -1.3121e-02,
          3.2350e-02,  9.0257e-02, -9.9117e-02,  1.5367e-02,  3.9246e-02,
         -2.6124e-01,  8.0338e-02, -2.9823e-01, -2.4578e-01,  5.6630e-02,
         -1.0747e-01,  4.0050e-01,  1.8131e-01,  1.6488e-01, -4.8362e-01,
          9.5212e-03,  2.2085e-01, -1.8102e-01,  1.8523e-01,  2.8073e-02,
          1.9220e-01,  3.7232e-01, -2.7206e-02, -2.2337e-01, -2.9189e-01,
         -2.9469e-01, -1.3811e-01,  8.2228e-02,  1.6854e-01,  1.2691e-01,
          2.0177e-01,  1.3849e-01, -4.2318e+00,  1.0482e-01, -1.6392e-01,
         -8.0126e-02, -1.0277e-01,  4.9802e-02,  1.8124e-01, -3.1505e-01,
          1.6768e-01, -1.9684e-02, -5.2823e-02,  1.4280e-02, -2.1194e-01,
         -1.1518e-01,  1.0932e-01,  8.9108e-02, -4.2791e-02,  5.5865e-02,
         -1.7691e-01,  2.2016e-01,  2.1604e-01, -5.0489e-01,  1.0092e-02,
          6.3001e-02, -1.9626e-01,  2.9215e-01,  1.4106e-01,  5.2857e-02,
         -4.2455e-01, -2.6540e-01, -3.6574e-01,  1.9973e-01, -7.5717e-02,
          3.4079e-01,  2.7255e-01,  1.5265e-02, -1.0537e-01,  9.1526e-01,
          1.9664e-01,  1.6091e-01, -5.7918e-02, -3.3994e-01,  4.1270e-01,
         -1.1658e-01, -5.4361e-01,  1.7450e-01,  9.2856e-02,  6.1061e-02,
          6.7072e-02,  1.0743e-01, -3.1425e-01,  4.0022e-01,  2.9166e-02,
         -3.3908e-01, -3.7800e-01, -1.8349e-01, -3.8942e-02, -1.5966e-01,
          1.2989e-01,  4.0046e-02,  1.3705e-01,  2.8433e-01, -4.1170e-02,
          9.7087e-02,  2.3961e-01, -2.8306e-32,  2.9045e-01, -2.7043e-02,
          2.0637e-01, -7.0547e-02,  1.9764e-01, -1.7332e-02, -7.0172e-02,
         -1.7559e-01, -7.7206e-02,  2.9361e-01, -1.7666e-01, -4.2326e-01,
         -7.6657e-02,  3.0137e-01, -3.5843e-02,  2.9306e-03, -5.3145e-02,
          1.3467e-01, -1.1179e-02,  2.3033e-01, -3.9030e-01,  8.6607e-02,
         -7.2361e-02, -2.1272e-01, -4.2075e-02, -1.7635e-01,  4.9846e-02,
          2.2611e-01,  9.4172e-02,  1.2633e-01, -2.4276e-01, -1.1605e-02,
          3.6871e-02,  2.3541e-01,  2.6200e-01, -5.6945e-01, -1.1518e-01,
          5.9494e-02,  5.8189e-02,  1.9702e-01, -3.1520e-01, -6.8267e-02,
         -1.7600e-02, -1.1189e-02, -4.3015e-02,  3.7555e-01,  7.4384e-02,
          7.0308e-02, -4.2236e-02, -1.1095e-01, -1.8260e-01,  9.6676e-02,
          4.3338e-01,  7.9380e-02, -1.6332e-01,  1.0640e-01,  3.4396e-01,
          1.5884e-01, -1.0724e-01, -3.0477e-01, -1.0184e-02,  2.5816e-01,
         -1.9867e-01,  3.5071e-01,  2.2610e-01, -7.7505e-02,  2.2886e-01,
          8.0435e-04, -2.9070e-01, -1.6408e-02,  3.2610e-01, -1.4388e-01,
         -2.3641e-01,  5.8940e-01,  2.1796e-02,  1.4156e-01,  5.9109e-01,
         -2.9051e-01,  3.4771e-01,  2.1411e-01,  1.6256e-01,  4.6711e-02,
         -6.9314e-01, -2.1677e-01, -3.6369e-01, -5.1934e-02, -1.5754e-01,
          2.1628e-01, -2.3095e-01,  1.8818e-01,  3.6302e-01, -2.4157e-02,
          2.4908e-01, -9.2655e-02,  2.7445e-01,  1.6895e-32,  1.7631e-01,
          1.4882e-01, -4.0161e-01, -1.2548e-01, -1.0854e-01,  6.2009e-02,
         -1.9367e-01, -3.5323e-01,  2.6214e-02, -2.3859e-01,  2.8087e-01,
          3.1232e-01,  1.3964e-01,  1.6306e-01, -5.2399e-03, -3.1447e-02,
         -4.4633e-01,  3.3125e-01, -2.5591e-01,  5.1533e-01, -4.8681e-02,
         -1.9846e-01,  2.1774e-02,  7.5053e-03,  1.1418e-01,  1.6144e+00,
         -5.7118e-03, -3.4057e-01, -5.8488e-02, -1.2485e-01, -1.1893e-01,
         -1.1115e-01,  1.1791e-01, -7.8200e-02, -1.6328e-01,  4.5664e-02,
          1.5174e-01, -5.4059e-01,  2.8306e-02, -7.0367e-02,  1.8236e-01,
          1.6753e-01,  1.8153e-01, -1.5436e-02,  1.1190e-01,  1.1797e-01,
          3.8737e-02,  5.2992e-01, -3.2242e-01,  4.8878e-02,  7.1508e-02,
          4.1371e-02, -1.4694e-02, -1.0030e-02,  1.8625e-01, -6.3445e-02,
         -7.5756e-02, -3.3025e-01, -1.6250e-01, -5.0958e-02, -2.6966e-01,
          5.2403e-02, -5.9449e-02,  2.2397e-01, -2.7685e-01,  2.7126e-01,
         -5.4803e-02, -6.6264e-01, -3.4130e-01,  2.8515e-01, -2.7560e-01,
         -5.9206e-02, -2.7991e-01, -1.4529e-01,  1.1782e-01,  1.8037e-01,
          3.2364e-01, -4.9974e-02, -4.9111e-02,  1.7509e-01,  2.1950e-02,
         -1.5410e-02, -6.7205e-02,  3.4324e-01, -8.5560e-02, -2.6345e-01,
         -2.6190e-01, -4.6168e-02,  1.5159e-02,  5.1097e-01,  1.5901e-01,
          3.6625e-01, -1.7085e-01,  5.7640e-01, -6.7434e-02, -9.7700e-08,
          3.0304e-01, -4.1226e-01, -4.4833e-01, -6.2096e-02, -2.3258e-01,
         -1.5279e-01, -8.2991e-02, -3.7637e-01, -1.8149e-01, -3.4102e-02,
         -3.1377e-01,  1.3402e-01, -7.1717e-02,  4.4036e-01, -5.5813e-02,
          3.2813e-03,  2.2803e-01,  5.9057e-02,  1.9030e-02,  4.1516e-01,
          5.4628e-02, -3.9799e-01,  1.1246e-01,  2.3091e-01,  4.2663e-01,
         -7.5101e-02, -3.6138e-02, -2.8261e-01,  1.3402e-01,  1.3593e-01,
          1.3527e-01,  3.9970e-01, -3.6670e-01,  9.3321e-02,  1.4559e-01,
          2.2066e-01,  4.3635e-01, -1.8540e-01, -1.3689e-01,  1.4542e-01,
         -2.2768e-01, -2.8255e-01,  8.8405e-02, -1.2640e-01, -2.6365e-01,
         -5.9667e-02,  2.3021e-01,  2.8798e-01, -3.6293e-01,  2.2829e-01,
         -2.5394e-01,  1.1930e-02,  4.5118e-02,  1.4449e-01,  2.2356e-01,
          1.5991e-01,  2.1538e-02,  8.3892e-02,  3.8428e-02, -8.9202e-03,
          3.8463e-02,  1.5122e-01, -4.0619e-01, -4.0863e-02]])

--------------------------------------------------------------------------------

Sentence: Breaking news: Major tech company announces layoffs amid economic downturn.
Embedding: tensor([[-1.6523e-01, -4.4311e-01,  5.4013e-01,  1.2532e-01, -4.2647e-03,
         -5.7269e-02, -2.1058e-02,  3.2356e-02, -1.8582e-01,  3.5034e-01,
         -1.0626e-01,  3.2596e-01, -6.8398e-02, -1.9079e-02,  2.3257e-01,
         -1.2369e-01,  4.2146e-02,  1.9362e-02,  7.1535e-02, -1.6166e-01,
          1.0699e-01, -5.6118e-02, -2.3957e-01,  9.5275e-02, -3.2397e-02,
          1.8157e-01, -1.2292e-01, -1.3045e-01, -5.7570e-01, -4.5188e-02,
         -6.7635e-02, -1.7340e-02, -2.7833e-01,  1.5400e-01, -2.4234e-02,
          2.2040e-02, -1.7796e-01, -2.7110e-02,  9.0716e-02, -1.8701e-01,
          8.2757e-02,  8.7623e-02,  2.2045e-03,  9.8017e-02, -3.0607e-01,
         -1.0593e-01, -3.5940e-03, -2.1401e-01, -3.4187e-01,  7.8791e-03,
          1.7414e-01, -9.3625e-02,  1.0640e-01,  3.2674e-01, -3.0689e-02,
         -1.3744e-01,  3.0129e-02, -1.3060e-02,  1.4326e-01,  2.1898e-01,
          6.1883e-01, -7.8312e-02, -3.8490e+00,  2.6716e-02, -2.6200e-01,
          1.6525e-01, -1.7701e-02,  2.9523e-02, -2.2839e-01, -4.6207e-01,
          2.4744e-01, -3.4430e-01,  9.1861e-02,  1.1620e-01,  1.5964e-01,
          5.0952e-02,  3.6117e-01,  3.8658e-03,  1.3946e-01,  1.2518e-01,
          1.2375e-01, -5.1555e-02, -1.3595e-01, -7.8345e-02, -3.1597e-01,
          2.2212e-02,  5.1993e-02, -6.4059e-02, -1.3416e-01,  2.1263e-01,
         -1.1141e-02, -1.3472e-01, -9.4263e-02, -5.3028e-02,  1.9627e-01,
         -1.2281e-01, -3.1325e-02,  2.0752e-01, -1.1690e-01, -3.8429e-02,
          2.1582e-01,  1.8229e-01,  1.5360e-01, -2.2534e-01, -2.8479e-02,
         -3.6406e-01, -3.6620e-01,  1.2043e-01,  3.1007e-01,  9.7436e-03,
         -7.4052e-02,  4.1752e-01, -3.4836e-01,  2.1847e-01, -1.7936e-01,
          4.3593e-02, -1.6669e-01,  4.9791e-02,  1.0142e-01, -1.6931e-01,
          1.7365e-01,  4.9361e-02, -1.0990e-02, -1.3236e-02, -1.9415e-01,
          5.0966e-02, -2.9632e-01, -2.0044e-32,  1.7729e-01,  2.6346e-01,
          1.7847e-02, -7.3492e-02,  2.9319e-01, -2.8680e-01, -2.5617e-01,
         -7.3429e-02, -2.5189e-01,  4.8562e-01, -2.3888e-01, -6.0981e-02,
          6.8893e-03,  3.0503e-01,  1.2026e-01, -3.4402e-01,  4.3459e-02,
          3.7747e-02, -4.2158e-01,  9.8554e-03, -1.9452e-01,  1.2895e-01,
         -5.0404e-02,  2.7718e-02,  4.8977e-02, -2.8326e-01, -4.1701e-01,
         -1.5066e-02,  8.1709e-02,  3.1989e-02, -3.8430e-01,  3.7112e-02,
          1.4542e-01, -1.7481e-02, -4.4691e-03, -5.1798e-01, -3.7257e-01,
         -8.7688e-02, -1.2676e-02,  1.4250e-02, -2.4357e-01, -1.7716e-01,
          6.2757e-03,  2.2538e-01,  2.9472e-01,  2.0422e-01, -7.3889e-02,
         -2.7598e-01,  5.3170e-01, -5.3434e-02, -1.4923e-01,  2.2351e-01,
          1.7733e-01, -8.5639e-02,  4.8797e-02,  2.4948e-01,  2.7014e-01,
         -3.4289e-01,  1.3952e-01, -2.2274e-01,  1.6267e-02,  5.9136e-02,
         -3.1250e-01,  4.9347e-01,  2.9345e-02,  7.1666e-02,  1.9368e-01,
          3.0070e-01, -1.5093e-01,  2.9805e-01,  2.4575e-01, -1.9067e-01,
         -2.3285e-01,  5.1799e-01, -2.6807e-01,  1.5388e-01,  2.6383e-02,
         -1.1319e-01,  1.1424e-01, -1.3500e-01,  4.0245e-01, -5.4313e-02,
         -3.4085e-01, -2.7252e-01,  1.2140e-01,  1.5785e-01, -1.4564e-01,
          1.1761e-01, -2.3731e-02,  2.9519e-02, -1.4480e-01,  2.1522e-01,
         -1.4187e-01,  5.1789e-02,  5.8264e-01,  2.8460e-33, -4.1803e-02,
          6.9601e-02, -4.8052e-01, -1.4234e-02, -1.6094e-03, -8.9982e-02,
          3.2852e-02, -1.1946e-01, -7.3843e-02, -1.2849e-02,  2.2747e-02,
          3.2439e-01,  1.3819e-02,  1.3223e-01, -6.7638e-02, -1.8070e-01,
         -2.4858e-01, -3.2356e-01, -1.2644e-01,  1.8009e-01, -2.2621e-02,
         -5.3464e-01,  1.9877e-02,  9.2470e-02,  4.8469e-02,  1.7297e+00,
         -2.8431e-02, -3.1069e-01,  3.2681e-02, -1.4976e-01, -4.9905e-01,
          1.2837e-01,  5.2607e-01,  4.7827e-01,  1.9717e-01,  6.7897e-02,
          2.0969e-01, -1.2531e-01,  1.4347e-02, -5.0097e-02,  2.8003e-01,
         -9.7249e-02,  2.8432e-01, -7.0883e-03,  6.1290e-02,  1.8662e-02,
          1.7849e-01,  1.4072e-01, -1.8395e-01, -7.6619e-02,  1.6580e-02,
         -2.2323e-02, -1.3731e-01,  1.5294e-01, -1.8723e-01,  8.6783e-02,
         -1.7205e-01, -1.0715e-01,  8.7644e-03, -1.9668e-02, -2.6049e-01,
          1.0642e-01,  1.5258e-01,  8.0847e-02, -4.8642e-01, -1.2748e-01,
          2.4447e-01, -3.3683e-01, -5.0798e-01,  2.4160e-01, -4.1424e-01,
         -4.8032e-02,  7.1458e-03, -2.0193e-01, -1.6331e-01,  5.7863e-02,
         -2.4635e-01, -3.5579e-01, -3.1883e-01,  1.9293e-01,  3.1265e-01,
         -1.7209e-01, -1.7229e-02,  2.0660e-01, -1.0784e-01,  6.3128e-02,
         -1.1163e-01,  4.3836e-01,  1.7009e-03,  5.0061e-02,  3.0665e-01,
          6.0716e-04, -3.1473e-01,  4.0846e-01, -2.9826e-01, -1.0195e-07,
          2.4663e-01, -6.2341e-01, -2.5526e-01, -7.7479e-02, -3.2092e-02,
         -2.6497e-01, -5.1029e-02,  2.0505e-01,  1.8917e-01,  1.9468e-01,
         -4.5582e-01,  4.4192e-02, -2.0798e-01,  9.3637e-02,  1.7882e-01,
          1.6983e-01, -8.5965e-04, -6.6498e-02,  2.2373e-01,  2.8698e-01,
         -8.0521e-02, -2.2332e-01,  1.2176e-01,  5.8587e-01,  2.9407e-01,
          9.4752e-02, -3.2354e-02,  6.0867e-02,  1.0826e-01,  8.3020e-02,
          1.3088e-01,  3.4555e-01, -2.8001e-01, -3.1408e-02,  5.8551e-02,
          2.7867e-01,  2.4555e-01, -1.2897e-01,  1.9431e-01,  3.2459e-01,
         -1.5048e-01,  5.0887e-02,  1.7427e-01,  1.4761e-01, -5.6536e-02,
         -1.3000e-01,  1.6835e-01,  2.3981e-01, -8.5886e-03,  1.4742e-02,
          5.5794e-02,  3.2578e-01, -1.8563e-01,  1.7962e-01, -5.7184e-02,
          1.3243e-01,  4.5660e-02,  2.6935e-01, -1.6958e-01,  5.2369e-02,
         -1.4869e-01, -1.6123e-01,  1.8910e-01, -5.4886e-02]])

--------------------------------------------------------------------------------

Sentence: Scientists discover promising new treatment for cancer patients.
Embedding: tensor([[-9.0187e-02, -1.7192e-01,  6.5155e-01,  3.3663e-01,  4.1282e-02,
         -2.0330e-01, -2.3712e-01, -6.7306e-02,  7.6576e-03,  1.3348e-01,
         -2.1215e-01,  1.0725e-03, -3.9635e-01,  1.6294e-02,  1.6103e-01,
          1.1955e-01,  3.3698e-01,  1.5876e-01,  1.7735e-01,  7.2125e-02,
          1.1213e-01,  1.6751e-02,  3.9686e-02,  4.3664e-01, -3.6272e-01,
          3.0159e-01, -1.5725e-01,  1.3178e-01, -6.0524e-01, -4.5680e-02,
          4.0640e-01,  4.3585e-02, -2.5157e-01, -8.5940e-02, -1.5190e-01,
          1.0866e-01,  1.0880e-01,  4.7926e-02, -2.0878e-01, -1.8691e-01,
          3.3631e-01,  2.0102e-01,  1.0622e-01,  3.0073e-01, -3.0502e-01,
         -3.1152e-01,  1.1996e-01, -2.8992e-01, -4.1572e-01,  4.4815e-01,
          4.8618e-02,  8.4271e-02,  2.4159e-02,  1.6630e-01,  3.7211e-01,
         -1.4888e-02, -2.9355e-02,  3.1790e-01,  1.6286e-01, -1.1157e-01,
          8.0546e-01, -8.3818e-02, -4.5544e+00,  1.7589e-01, -2.3964e-01,
          4.7621e-02,  2.3454e-01,  8.6090e-03, -3.6883e-01, -1.6664e-01,
          8.4235e-02,  1.0268e-01,  9.7096e-02,  2.6342e-01,  3.4681e-01,
         -3.4205e-02,  2.3608e-01,  6.4019e-02,  1.0307e-01,  3.3315e-01,
          6.2073e-02,  5.4793e-02,  2.2407e-01, -3.7929e-01, -9.3884e-03,
          9.6924e-02, -3.4510e-03,  9.7815e-02, -3.4554e-01,  1.4283e-01,
          1.4784e-01, -1.6515e-01, -9.0204e-02, -1.9817e-01, -2.4567e-01,
          2.2893e-02,  2.4804e-02,  6.3147e-02, -4.0029e-02,  1.4687e-01,
          1.0921e-01, -2.9431e-01, -7.6998e-02, -5.5700e-01, -1.2350e-01,
         -1.9727e-01, -3.2248e-01,  1.1381e-01,  3.0811e-01,  1.3199e-01,
         -2.1580e-01,  6.1595e-02, -2.7213e-01,  3.7119e-01, -1.6433e-01,
          2.3451e-01, -3.0830e-01, -2.9604e-01, -9.9958e-03, -8.0769e-02,
         -1.8388e-01, -1.5195e-01, -6.6720e-02,  6.5614e-02, -1.4287e-01,
          1.2535e-01, -2.0252e-01, -2.2563e-32,  2.0302e-01, -1.9456e-01,
          1.8117e-01,  3.2250e-02,  1.8048e-01, -1.0150e-01, -1.4023e-01,
         -4.4176e-01, -2.7279e-01,  3.2543e-01, -2.5720e-01, -1.2984e-01,
         -1.4734e-01,  5.4087e-01, -2.4275e-01,  1.0581e-02, -1.0139e-01,
          1.8002e-01, -3.5875e-01, -2.0762e-01, -1.3637e-01, -2.3368e-02,
          2.9166e-02,  1.8013e-02,  8.8140e-02, -3.1697e-01, -1.2063e-01,
          8.1093e-02, -3.1255e-02,  8.7332e-02, -6.6849e-01,  2.7018e-01,
          9.8833e-02, -1.4639e-01,  4.3124e-02, -4.5025e-01, -1.5902e-01,
         -3.9380e-01,  2.3091e-01,  3.7553e-01,  3.1246e-02, -6.6191e-02,
         -1.0111e-01,  9.7803e-02,  2.7638e-01,  1.1251e-01, -1.4071e-01,
         -7.0055e-02, -1.1555e-01,  2.8240e-01, -1.4849e-02, -2.7146e-03,
          1.3078e-01,  2.7806e-02,  6.8759e-02,  2.1943e-01, -7.2160e-02,
          1.1665e-01, -1.7126e-01, -2.5833e-01,  1.5679e-02,  8.9766e-02,
         -2.3836e-01,  1.0108e+00,  6.9093e-02, -5.3121e-02,  2.2197e-01,
         -1.3528e-01, -7.3994e-02,  1.1645e-01,  2.1303e-01, -3.6176e-01,
         -3.1232e-01,  3.6893e-01, -2.2344e-01, -1.5501e-01,  4.5376e-01,
          8.2805e-02, -4.4922e-02, -1.9960e-01,  3.0103e-01,  3.4126e-02,
         -8.1401e-01,  3.5282e-02,  8.2216e-02, -4.8322e-02, -1.4972e-01,
          4.2836e-01, -2.4726e-01,  1.3573e-01,  2.0559e-01, -1.3818e-01,
          4.1931e-03, -4.7270e-02,  4.6776e-01,  1.2610e-32, -2.0469e-01,
          2.0758e-01, -7.7954e-02, -9.5185e-03,  8.5572e-02,  9.5868e-02,
          3.0401e-02, -6.7590e-01,  5.6042e-02, -1.6699e-01,  5.7247e-01,
          3.9121e-01,  3.4170e-01,  9.2407e-02,  2.3859e-01, -1.5763e-01,
         -1.4217e-01, -1.7187e-01, -2.8439e-01,  3.8196e-03, -4.6985e-02,
         -2.6389e-01,  2.0512e-02,  1.9382e-02, -2.3319e-01,  1.7458e+00,
          2.7945e-01, -2.9727e-01,  2.4826e-01, -2.0624e-01, -3.8353e-01,
         -2.0650e-02,  2.0412e-01,  4.6302e-02,  3.4210e-02,  3.3331e-01,
          5.6356e-01, -2.0254e-01, -2.4979e-01,  6.1371e-02,  1.0279e-01,
         -8.9534e-02,  2.8797e-01,  1.8435e-01, -3.7085e-02,  1.5693e-01,
          2.5357e-01,  4.0883e-01, -4.1591e-01,  1.1200e-01,  2.0480e-02,
          1.8689e-01, -7.3218e-02,  3.3639e-02, -8.9852e-02, -1.7086e-01,
         -4.2388e-02, -3.1719e-01,  1.4299e-01,  6.4881e-02, -2.7430e-01,
          2.8652e-01, -1.3949e-01, -2.3170e-02, -2.4724e-01,  2.1532e-01,
          1.1879e-01, -8.7529e-01, -5.1599e-01,  3.2283e-01, -5.0370e-01,
         -1.3696e-01,  9.0598e-02,  4.0845e-02, -1.4096e-01, -1.5934e-01,
         -2.2734e-01, -3.9133e-01, -3.1389e-01,  3.3721e-01,  3.1510e-01,
         -1.2434e-01,  1.1846e-01,  4.9549e-01, -1.3364e-01, -3.1970e-01,
         -3.4677e-01,  4.8223e-01, -1.4918e-01,  2.6131e-01,  6.1844e-01,
          2.5788e-02, -2.4910e-01,  5.8629e-01, -6.1871e-02, -9.6823e-08,
          2.9366e-01, -5.7014e-01,  1.0161e-01, -7.9021e-02, -1.5681e-01,
          3.0977e-01, -1.7302e-01,  4.7926e-01, -2.2599e-01,  3.7839e-01,
         -3.7931e-01,  2.7245e-01, -1.8924e-01,  1.1515e-01,  4.6777e-01,
          3.5113e-01,  4.1593e-01, -1.6187e-01, -1.6693e-02,  2.4390e-01,
         -1.9666e-01, -1.6154e-01,  1.8240e-01, -4.6741e-02,  1.6981e-01,
         -1.6688e-01,  7.9841e-03,  4.0455e-02,  4.2869e-02, -3.2756e-01,
          1.2852e-01,  2.5084e-01, -9.0535e-02,  2.4112e-01, -6.0770e-02,
          4.4706e-01,  3.9536e-01, -1.9194e-01,  1.6019e-01,  5.4780e-01,
         -1.7180e-01,  2.1022e-01,  3.6864e-01,  8.5484e-02, -3.4071e-01,
         -1.8530e-01,  5.0855e-01,  4.4293e-01, -3.2176e-01,  5.0824e-02,
         -2.7389e-01,  3.0212e-01,  4.0864e-02,  2.0709e-01, -1.4808e-01,
          2.9398e-01, -2.7523e-02,  9.5665e-02,  5.9871e-02, -1.3300e-02,
         -4.6368e-02, -4.0878e-01,  2.1583e-01, -1.2798e-01]])

--------------------------------------------------------------------------------

Sentence: The new smartphone features impressive battery life and camera quality.
Embedding: tensor([[-4.4629e-01, -4.6928e-02,  5.8028e-01, -1.8926e-01,  5.9547e-02,
         -5.4062e-01, -1.8531e-01,  2.3134e-01, -2.1100e-01,  2.9019e-01,
          8.6819e-02, -5.1954e-02,  9.3124e-02,  3.2241e-02,  4.1344e-01,
         -5.0188e-02,  3.1882e-01,  1.0367e-01, -1.7931e-01, -1.4703e-01,
          2.3753e-01,  1.9587e-01,  3.1953e-01,  3.1900e-01,  2.6178e-03,
          8.5915e-02, -2.0597e-01,  3.5541e-02, -2.1473e-01, -2.2106e-01,
          7.5773e-02,  2.6269e-01, -2.2004e-01,  2.5566e-01, -9.5726e-02,
         -8.6001e-02,  1.8577e-03, -2.5073e-01, -1.1061e-01, -2.7649e-01,
         -1.0357e-01,  5.2300e-01,  6.2179e-01,  5.9214e-02,  2.0386e-02,
         -1.5547e-01,  1.5847e-01, -2.4123e-01, -3.0646e-01,  1.1088e-01,
          1.4782e-01,  2.0665e-01,  2.8780e-01, -1.7774e-01, -2.9617e-01,
          6.7703e-02, -5.1439e-02,  9.7183e-02,  1.9353e-01, -1.5488e-02,
          3.9334e-01,  2.5276e-01, -4.3135e+00,  2.2345e-01, -2.0212e-01,
          1.1223e-02,  1.8662e-01, -1.4521e-01,  2.4644e-01,  4.0354e-03,
          1.1398e-01, -3.9275e-02,  3.3097e-01,  1.5882e-01, -3.4943e-02,
         -1.0244e-02,  2.0395e-01,  5.3375e-02, -1.0025e-01,  4.5428e-02,
          3.2638e-01, -1.7960e-01, -8.9158e-02,  1.6639e-01,  3.1967e-01,
         -1.6721e-01, -3.9594e-02, -4.0329e-02, -3.5771e-01, -2.5106e-01,
         -4.7907e-02,  1.3716e-01, -2.6968e-01, -1.1246e-01, -1.5909e-01,
         -1.2043e-01,  1.2095e-01,  1.1952e-01, -1.5321e-01,  7.9067e-01,
          1.9565e-01,  7.0999e-04,  3.4567e-02, -1.8585e-01,  2.5620e-01,
         -1.6042e-01, -2.4566e-01,  4.5942e-02,  8.5352e-02,  3.1143e-02,
         -6.3737e-03, -4.3126e-02, -3.3626e-01,  2.7271e-02, -2.5262e-01,
          2.4160e-01, -1.2916e-01,  2.9007e-02,  1.1350e-01,  2.2473e-01,
          7.9767e-02, -6.6864e-02, -3.7005e-01, -3.6229e-01, -6.6374e-02,
          4.4061e-02,  6.1084e-02, -1.7367e-32,  2.2401e-01,  2.6585e-01,
          6.6055e-02, -1.1339e-01, -7.6027e-03,  2.6919e-01, -1.4200e-01,
          1.5240e-02, -2.9289e-01,  4.0151e-01, -2.8712e-01, -7.6215e-02,
         -1.4543e-01,  1.6622e-01,  2.0989e-01, -2.8712e-01, -2.1716e-01,
         -1.6722e-01, -1.5555e-01,  8.0176e-02, -1.1285e-01, -1.0452e-01,
         -4.0034e-02, -1.5580e-01,  3.0436e-01,  3.6584e-02,  2.6369e-01,
          9.6581e-02, -1.1868e-01,  2.0762e-02, -7.0508e-01,  1.3288e-01,
         -4.9267e-02, -1.8172e-01, -4.2836e-02, -3.4408e-01, -6.7562e-02,
         -1.5214e-01,  4.7077e-01,  1.9709e-01, -2.9131e-01,  8.0848e-03,
         -2.8780e-01, -1.3533e-01,  1.4346e-01,  4.8176e-01, -4.1044e-01,
         -3.9722e-03, -4.7549e-02, -5.5928e-02,  1.1171e-01, -1.6164e-01,
          2.0285e-01,  1.2332e-01, -4.3870e-01,  3.0366e-01,  2.6075e-02,
         -5.0052e-02, -3.6231e-02, -3.5815e-01, -2.6634e-02,  5.4229e-02,
         -3.1767e-01,  7.9497e-01,  1.5797e-01, -7.3948e-03,  2.8032e-01,
         -1.7936e-04, -2.6904e-01,  2.2184e-01,  4.0415e-01, -3.8503e-01,
         -2.4182e-01,  5.3355e-01,  1.8110e-01,  2.9525e-01,  2.4497e-01,
         -4.8708e-01, -8.2490e-02, -5.4721e-02,  5.8680e-02, -4.3634e-03,
         -2.1818e-01,  1.1483e-01,  6.2695e-02, -2.8604e-01, -5.6802e-02,
         -2.5137e-01, -8.6482e-02,  1.2486e-01,  2.9462e-01, -2.5039e-01,
          2.7449e-01, -3.9481e-02,  4.4742e-01,  1.1993e-32, -5.4927e-02,
          3.6887e-01, -3.6550e-01,  3.1903e-02, -2.7522e-01, -1.4038e-01,
         -6.4255e-03, -1.1442e-01,  1.5639e-01,  1.5471e-02,  4.5014e-02,
          3.2441e-01,  1.7197e-01, -5.7592e-02,  2.6984e-01, -2.2620e-01,
         -1.5265e-01, -4.5866e-01, -5.8270e-02, -2.9266e-02,  5.8444e-02,
         -2.1949e-01,  1.1600e-01, -1.4743e-01, -2.5154e-01,  1.6339e+00,
          7.2744e-02, -4.1694e-01,  9.3856e-02, -2.2809e-01, -1.4599e-01,
         -1.7725e-01,  2.4575e-01,  2.9448e-01,  1.8468e-01,  1.4673e-01,
          3.0423e-01, -6.5848e-02, -1.3200e-01,  1.3345e-01,  2.5153e-01,
         -3.5762e-01,  4.8560e-01, -1.2234e-01,  3.3548e-01,  8.8535e-03,
          2.0712e-01,  2.7352e-01, -6.9058e-02, -1.4680e-01,  2.6628e-01,
          8.9224e-02, -1.7328e-01,  2.9930e-01, -1.9765e-01,  2.5339e-02,
         -9.0172e-02, -1.8661e-01,  2.4561e-01, -1.8387e-01, -5.0352e-02,
          1.8786e-01, -2.3017e-01,  2.5920e-01, -2.9258e-01, -9.9927e-02,
          2.0666e-01, -1.9400e-01, -4.7616e-01,  3.7880e-01, -3.2401e-01,
         -2.4400e-01, -1.3268e-01,  8.8916e-02, -1.4253e-01,  3.1886e-01,
         -1.6633e-01, -3.1594e-01, -1.1278e-01,  3.0459e-02,  2.3332e-01,
         -1.4886e-01,  1.2432e-01,  3.3955e-01, -1.0950e-01, -1.7184e-01,
         -2.7499e-01,  1.6294e-01,  3.8575e-03,  2.6744e-01,  2.2385e-01,
          3.1842e-01, -4.9048e-01,  5.2596e-01, -2.9351e-01, -9.6796e-08,
          3.9245e-01, -2.1363e-01, -1.7518e-01, -9.7950e-02, -4.3062e-02,
         -2.6571e-01, -8.1332e-02,  5.1318e-01,  6.4862e-01,  1.3862e-01,
         -3.4446e-01, -4.0430e-01, -2.6242e-01,  1.9516e-02,  2.6327e-01,
          7.5350e-01,  2.0538e-01,  1.0734e-01,  1.2303e-01,  3.8169e-01,
         -3.9596e-02, -3.0915e-01,  1.5678e-01,  1.3030e-01,  2.1767e-01,
         -2.3765e-01, -1.1900e-01, -2.3921e-01,  1.8516e-01, -1.9427e-01,
          6.6604e-02,  4.7990e-01, -1.9873e-01, -2.2805e-02,  3.9394e-03,
          3.6923e-01,  1.8251e-01, -3.5990e-01,  3.2812e-01,  2.8677e-01,
         -2.7425e-01, -4.1879e-01,  3.2919e-01,  5.1416e-02, -3.0203e-01,
         -3.9424e-01,  4.0872e-01, -5.0130e-02, -1.9086e-01,  2.1534e-01,
         -4.5288e-01, -9.1036e-02, -9.9765e-02,  1.3888e-01,  5.1881e-02,
         -1.5855e-02,  2.8258e-01,  1.0164e-01,  6.3432e-02,  1.7359e-01,
          1.7037e-01,  4.8559e-02, -2.1993e-01,  1.3262e-01]])

--------------------------------------------------------------------------------

Sentence: Climate change continues to impact global weather patterns.
Embedding: tensor([[-7.9399e-02, -2.5039e-01,  6.7933e-01,  4.4963e-01,  1.5486e-04,
         -5.8542e-02, -4.3082e-01, -3.8212e-01, -2.4325e-01,  3.2823e-01,
         -1.8919e-01,  1.4273e-02, -2.7993e-01,  3.0692e-01,  1.8697e-01,
          2.9917e-01, -1.7394e-01,  3.3032e-01,  5.2269e-02, -9.4131e-02,
         -1.0726e-02,  1.4852e-01, -1.2936e-01,  1.9667e-01, -3.3794e-01,
          4.5461e-02, -1.3497e-01,  1.2736e-01, -3.6348e-01,  1.6176e-01,
         -1.7517e-01,  1.2592e-01, -4.8667e-02,  1.2479e-01, -6.2964e-02,
          9.6140e-03,  7.0238e-02,  2.4051e-01, -1.6057e-02, -3.8066e-03,
          2.9489e-01,  2.5282e-01,  8.1831e-02,  7.0356e-02, -3.1760e-01,
         -8.2230e-02,  8.4288e-02, -1.2697e-01, -4.5161e-01,  1.6066e-01,
          1.2848e-01,  4.9721e-02, -3.8858e-02,  2.8433e-01, -1.3408e-02,
         -2.1353e-01,  1.2514e-01,  1.7681e-01,  2.6635e-01, -1.4254e-02,
          4.2718e-01,  1.0051e-01, -4.8817e+00,  1.5665e-01, -1.8761e-03,
          1.2589e-02,  1.1480e-01,  3.3908e-01, -1.5881e-01, -2.3560e-01,
          2.1300e-01,  2.6937e-02,  1.5111e-01,  4.0411e-03, -1.1276e-01,
         -1.4715e-01, -8.9540e-02,  2.1134e-01,  2.0304e-01,  1.9554e-01,
          9.4653e-02,  9.7225e-02,  2.2486e-01, -5.6381e-01,  1.9439e-01,
         -8.5871e-02,  1.8819e-01,  6.2078e-02, -4.3959e-02,  9.5474e-02,
         -1.0012e-01, -4.8477e-01, -2.3530e-03,  1.0136e-01,  1.8222e-04,
          1.8361e-01,  3.7587e-01,  1.3112e-01,  6.3799e-02,  1.8750e-01,
          3.0426e-01, -2.5410e-01, -7.0532e-02, -3.4879e-01, -3.9603e-02,
         -1.3143e-01, -3.6577e-01,  1.4807e-01,  1.5659e-01, -1.5950e-01,
         -3.7337e-01,  1.9962e-01, -4.8286e-01,  1.9582e-01,  9.6504e-02,
         -4.1370e-02, -3.2059e-01, -8.1378e-02,  5.6906e-02, -1.4477e-01,
         -1.9643e-01, -8.0128e-02,  1.1083e-01,  7.1214e-02, -2.2956e-02,
          3.2373e-01,  1.7984e-01, -3.5168e-32,  2.7277e-02, -3.0930e-01,
         -1.0755e-01,  1.2884e-02,  2.9627e-01,  6.7531e-02, -1.3938e-01,
         -6.5120e-02, -2.3803e-01,  1.4588e-01, -1.5006e-01,  1.3755e-01,
         -7.5827e-02,  5.8736e-01,  3.0128e-02, -2.0985e-02,  6.4921e-02,
          1.8110e-01, -5.2365e-01,  8.9724e-02, -1.2758e-01,  8.3200e-02,
          1.7586e-01,  8.5824e-02,  8.8793e-02, -3.7076e-01,  7.0355e-02,
          1.1265e-01, -1.7177e-02,  1.4350e-01, -1.2345e-01,  1.2994e-01,
         -1.5912e-01,  3.9422e-02,  2.7680e-01, -6.2097e-01,  7.2207e-03,
         -1.2488e-02,  2.1492e-02,  3.0457e-02, -2.4217e-01, -2.7842e-01,
         -1.9020e-01,  2.2404e-01,  2.2928e-01, -1.1379e-01,  2.3244e-01,
         -7.4341e-02, -1.8483e-02,  2.1242e-01, -1.0164e-01,  1.6006e-01,
          1.9903e-01, -1.0554e-01,  1.7405e-02,  1.3605e-01,  4.3009e-01,
         -1.1701e-01, -1.7015e-01, -5.1707e-01, -1.8599e-01,  3.1016e-03,
         -1.7073e-01,  6.8791e-01,  5.3202e-01,  1.7666e-01,  1.8948e-01,
          1.8768e-01, -4.6924e-01,  5.7495e-03,  2.5003e-01, -2.4494e-01,
         -1.4131e-01,  6.4511e-01, -1.5978e-01, -1.3203e-01,  3.6994e-01,
         -2.0667e-01,  3.1505e-02, -7.8353e-02, -1.3313e-01,  1.7087e-01,
         -3.4015e-01, -2.8217e-01, -1.4837e-01, -4.7822e-02,  1.6121e-01,
          1.9089e-01, -9.4970e-02,  1.6859e-03, -2.3949e-02, -2.9813e-01,
          2.8331e-01,  2.6616e-02,  5.4525e-01,  2.2204e-32, -1.6264e-01,
          3.6984e-01, -4.3708e-01, -1.8402e-01,  1.2101e-01, -2.4155e-02,
          4.1744e-03, -6.3521e-01,  2.4375e-01, -3.7832e-01,  1.9244e-01,
          2.5622e-01,  1.5586e-01,  2.7312e-01, -4.1568e-02, -2.4356e-01,
         -3.0071e-01,  5.1681e-03, -3.6042e-01, -1.4979e-01,  1.9465e-01,
         -6.3075e-01, -1.6744e-02, -1.9521e-02, -2.4534e-01,  1.7598e+00,
          7.1181e-02, -3.9049e-01,  2.4686e-01, -1.1929e-01, -3.0181e-01,
          2.7648e-01,  2.7429e-01,  1.8375e-01, -7.1343e-02,  2.6517e-01,
          2.7401e-01, -2.2870e-01, -2.8559e-01,  1.9117e-01,  6.5613e-02,
         -3.6718e-01,  3.0772e-01, -1.5913e-01, -8.7224e-02,  7.3906e-02,
          1.4347e-01,  8.5662e-01, -1.6324e-01, -1.0915e-01,  5.1605e-01,
          1.2793e-01, -2.6618e-01, -3.8834e-02,  5.9210e-03,  1.4618e-01,
         -4.8103e-02, -1.2853e-01, -8.9482e-02, -3.8843e-02, -1.7186e-03,
          1.8011e-01,  2.0557e-02,  6.3763e-02, -3.6677e-01, -9.8585e-02,
         -1.5797e-02, -6.6171e-01, -2.8746e-01,  6.7076e-01, -3.2042e-01,
         -3.2768e-02, -3.6715e-01, -1.5397e-01, -1.3868e-01, -5.4740e-02,
         -2.4391e-01, -2.3917e-01, -3.5210e-01,  3.3521e-01,  4.7784e-01,
         -4.8840e-02,  3.7916e-02,  5.2303e-01, -1.9337e-01, -2.3783e-01,
         -2.2389e-01,  1.4312e-01,  1.9428e-01,  2.8371e-01,  3.0012e-01,
          2.1332e-01, -2.4399e-01,  4.6089e-01, -2.5410e-01, -9.3534e-08,
          2.7490e-01, -3.3567e-01,  2.1052e-02,  2.0797e-01, -1.1832e-02,
          4.5103e-02, -7.0319e-03,  1.7486e-01, -3.5392e-02,  3.3830e-01,
         -1.1120e-01,  3.5726e-01,  1.8549e-01,  8.3638e-02,  1.6868e-01,
          1.3880e-02,  2.5660e-01, -3.7489e-01,  1.2435e-01,  2.1592e-01,
         -1.0266e-01, -1.3483e-01,  5.9699e-03,  1.6144e-01,  3.9392e-01,
         -4.3941e-02, -2.8577e-02,  4.5157e-01,  4.8436e-02, -2.7874e-02,
          3.1343e-01,  3.3047e-01, -1.5359e-01, -1.2349e-01, -5.8767e-02,
          2.8261e-01,  8.1706e-02, -1.3580e-01,  1.5038e-01,  3.4639e-01,
         -4.2623e-02,  4.0662e-03,  3.3729e-01,  1.3748e-01, -2.6182e-02,
         -1.5134e-01,  3.0143e-01,  2.4092e-01, -2.6129e-01,  3.7193e-01,
         -3.8314e-01, -6.0762e-02, -4.5064e-01,  2.4896e-01,  2.0111e-01,
          2.3932e-01,  1.0759e-01, -5.6979e-02,  2.8727e-01, -2.7967e-02,
         -9.2504e-02, -1.8975e-01, -9.9501e-02, -9.1506e-04]])

--------------------------------------------------------------------------------

Sentence: The local school board voted to increase education funding.
Embedding: tensor([[ 1.1735e-01, -2.0161e-01,  3.4130e-01,  2.6124e-01,  2.4036e-01,
          2.6796e-02, -1.4210e-02,  7.3985e-03, -2.2354e-01,  4.5160e-01,
         -1.7087e-02,  1.6872e-01, -5.0102e-01, -6.5844e-02,  2.0824e-01,
          2.9359e-01,  8.1355e-02,  1.9465e-01, -1.4949e-01, -2.3260e-01,
          9.8174e-02, -8.1144e-02, -3.2900e-03,  2.3902e-01, -9.8987e-03,
          3.6081e-01, -7.2779e-02, -4.1447e-01, -3.4853e-01,  4.3931e-02,
          1.0065e-01, -1.6621e-01,  8.2395e-02, -1.5852e-03,  8.1439e-02,
          1.0131e-01,  2.2370e-01,  1.5177e-01, -9.0354e-02, -2.4322e-01,
         -3.3834e-02,  2.2660e-01, -5.1049e-02,  2.9706e-01, -2.7749e-01,
          3.4245e-02, -3.2351e-02, -3.5126e-01, -3.9740e-01, -1.2125e-01,
          1.6888e-01, -2.3566e-01, -2.3466e-02,  2.5225e-03, -3.9083e-01,
         -2.9151e-01,  1.2170e-01,  1.7476e-01,  4.1873e-02, -3.5547e-02,
          1.8437e-01,  2.8425e-01, -3.4795e+00,  1.7124e-01, -1.7029e-01,
          4.0333e-02,  2.2439e-02, -1.1449e-01, -2.0020e-01, -8.8277e-02,
          3.8386e-01, -1.5229e-01,  2.4715e-01, -3.3063e-01,  1.7676e-01,
          5.8330e-02,  2.1480e-01,  4.5972e-01,  4.0420e-01, -6.6685e-02,
          9.2391e-02, -8.6135e-03, -1.7938e-01, -2.8434e-01,  2.0580e-01,
         -1.8198e-02, -1.9563e-01, -1.7620e-01,  4.6500e-02,  3.5737e-01,
          2.0762e-01, -3.0174e-01,  8.3518e-03,  3.1939e-01,  1.1950e-01,
          1.0854e-01, -1.8824e-01,  4.9684e-04,  1.7186e-01,  2.8859e-01,
         -1.1589e-01, -9.0049e-02,  7.7108e-02, -1.3930e-01,  8.7893e-02,
         -3.1368e-01, -2.9118e-01,  2.9391e-01,  1.3029e-01,  1.5477e-01,
          7.6608e-02,  1.3145e-01, -1.8775e-01,  4.5878e-01, -9.1924e-03,
          2.0509e-01, -1.2812e-01, -1.4933e-01, -3.1761e-02, -7.8860e-02,
         -1.3871e-01, -1.5599e-01, -2.7554e-01, -3.0388e-01, -2.6600e-01,
         -6.3893e-02, -3.7246e-01, -1.3580e-32,  8.8904e-02,  2.8648e-02,
          2.5504e-02, -2.4032e-01,  4.4114e-01, -2.5835e-01,  1.1418e-02,
         -1.9027e-01, -2.1850e-01,  1.5329e-01, -6.9190e-02, -1.0643e-01,
          1.6937e-01,  2.8381e-01, -1.4457e-01, -5.4497e-03, -4.2599e-01,
          5.9176e-02, -3.2227e-01,  2.6363e-01, -4.1577e-03, -3.4014e-02,
          1.3635e-01, -1.7663e-01, -2.2925e-02, -2.4412e-01, -1.4613e-01,
          1.1018e-01,  2.3708e-01,  1.1415e-01, -2.3166e-01, -8.1708e-03,
          8.3284e-03, -2.4100e-01,  5.3356e-02, -4.6988e-01,  2.9204e-01,
         -1.4021e-01, -2.9586e-01, -2.2923e-02,  2.2121e-01, -2.3887e-01,
          2.6076e-01,  1.2412e-01,  1.8696e-01,  3.7783e-01, -1.7186e-01,
         -1.8195e-01,  1.3244e-01,  1.0852e-01, -1.4114e-01, -4.9507e-02,
         -1.9347e-01, -2.0632e-01,  2.1411e-02,  4.4527e-02,  5.0927e-02,
          1.0068e-02, -9.5093e-03, -4.9146e-01, -1.5890e-01, -1.2625e-01,
          7.2703e-02,  4.0651e-01,  2.1271e-02, -8.1514e-02,  2.7979e-01,
         -7.6398e-02,  5.2058e-02, -1.7144e-01,  1.2069e-01, -1.6324e-01,
         -2.0903e-01,  6.9449e-01, -4.6492e-01, -7.0105e-02,  2.7502e-01,
         -2.8615e-01,  4.0141e-01, -8.9627e-02,  2.5919e-01,  1.7556e-03,
         -3.5359e-01, -3.2709e-01,  2.6911e-01, -1.9369e-01, -3.8230e-02,
          2.5084e-01, -1.3174e-01, -3.2573e-01,  1.9553e-02, -1.5603e-01,
          1.4718e-02,  9.8570e-02,  4.4644e-01, -6.9118e-33, -3.0282e-02,
          5.7858e-02, -2.2708e-01, -4.8704e-02,  1.3765e-01,  6.2827e-02,
          8.9536e-02, -4.7793e-01,  3.4149e-01, -1.5054e-01,  1.1539e-01,
          3.2776e-02,  1.1210e-01,  2.5764e-01, -2.5135e-01, -2.8795e-01,
         -3.9853e-01, -1.5069e-01, -1.6338e-01, -1.5634e-01,  3.7664e-02,
         -1.4512e-01,  9.5102e-02,  3.0463e-01, -4.1527e-02,  1.1533e+00,
         -2.6588e-01, -2.2360e-01,  5.0050e-02, -5.4843e-02,  1.3907e-03,
          5.4592e-02,  2.2211e-01,  2.8903e-01, -2.5214e-01,  4.1664e-01,
          2.8069e-01,  1.9207e-01, -3.4645e-01, -1.4821e-01,  2.6100e-01,
         -1.9760e-01,  2.7708e-01,  6.2774e-04, -2.7318e-02,  2.0255e-01,
          9.3803e-02,  3.4591e-01, -1.9426e-01, -7.2875e-02,  9.2859e-02,
         -8.4624e-02,  1.6869e-02,  8.6878e-02,  2.6066e-01,  1.4128e-01,
          1.1974e-01, -3.3851e-03, -1.4390e-01,  4.5517e-02, -1.6476e-01,
          3.5877e-03, -2.6040e-01, -7.1244e-03, -1.8963e-01, -1.7321e-01,
         -2.2686e-01, -7.0326e-01, -2.3014e-01,  2.0503e-01, -9.5502e-02,
          1.0997e-01,  1.9111e-02, -4.8672e-03, -1.1877e-01,  2.8171e-01,
          8.6774e-02, -9.1665e-02, -3.4020e-01,  3.9644e-01,  2.1726e-01,
         -1.4197e-01, -7.0295e-02,  1.4750e-01, -2.8460e-01, -1.4041e-01,
         -6.5168e-02, -1.3039e-01,  9.9369e-02,  2.1924e-01,  2.0812e-01,
         -3.8898e-02, -3.4568e-01,  2.9027e-01, -6.5689e-02, -1.0291e-07,
          1.9028e-01, -4.3526e-01, -3.5916e-01,  3.2115e-02,  3.2966e-01,
         -2.8065e-02, -2.8766e-01,  3.7707e-01,  1.9994e-01,  2.9886e-01,
         -3.3728e-01,  3.2240e-01,  6.5998e-03,  1.0234e-01,  7.0816e-02,
         -1.8174e-03,  1.8721e-01, -9.5855e-02,  3.9854e-02,  1.2652e-01,
         -1.8524e-01, -3.2681e-01,  9.3511e-02,  1.2705e-01,  2.4464e-01,
         -3.9534e-02, -3.1436e-02,  3.6643e-02, -2.7563e-01, -2.2055e-02,
          1.3241e-01,  2.9419e-01, -1.5615e-01,  1.4552e-02, -3.8286e-02,
          2.2624e-01, -5.6294e-02, -8.7482e-02,  2.0984e-01,  1.9785e-01,
         -1.9763e-01, -9.0774e-05,  4.5250e-01, -3.8565e-02, -1.7889e-01,
          2.5489e-01,  5.4195e-02,  4.9142e-01, -9.9318e-02,  1.9223e-01,
         -3.2805e-01,  2.1760e-02, -1.9555e-01, -3.5119e-01,  2.3086e-01,
         -6.2176e-02, -1.4305e-02,  1.3203e-02,  4.8508e-02, -1.6774e-01,
          4.1777e-02, -4.7181e-02,  3.4399e-02,  9.7654e-02]])

--------------------------------------------------------------------------------

Sentence: This recipe for chocolate cake turned out perfectly delicious.
Embedding: tensor([[-1.1172e-01, -1.5284e-01,  6.1183e-01,  2.1864e-02, -8.0874e-03,
          3.7054e-02, -1.7894e-01, -1.9758e-01, -4.5542e-01,  6.5913e-02,
         -8.5067e-03,  3.6483e-02, -3.6783e-01, -8.3570e-02,  2.3723e-03,
          8.3184e-02,  3.9075e-01, -5.0763e-02,  1.9766e-01,  1.0471e-01,
          2.5224e-01, -1.1561e-01,  2.3786e-01,  3.3954e-01, -2.3468e-01,
          4.7249e-01,  1.2901e-01, -3.3605e-02, -6.8343e-01, -3.9469e-01,
          9.8210e-02,  3.3206e-02, -1.3583e-01,  4.3798e-02,  1.8592e-02,
         -1.7110e-01,  2.0425e-01, -4.0233e-02,  5.2132e-02, -2.3234e-01,
          1.3540e-01,  4.9987e-01,  2.8522e-01,  2.6372e-01, -1.5913e-01,
         -8.3930e-02,  7.4002e-02, -2.7860e-01, -2.6124e-01,  1.0263e-02,
          3.1322e-01,  3.3121e-01,  2.2518e-01, -7.1430e-02, -1.0943e-01,
         -1.2219e-01, -1.9625e-01,  7.9523e-03,  9.6996e-02,  3.4607e-02,
          3.3039e-01,  2.0481e-01, -4.7033e+00,  3.7005e-02, -3.3113e-01,
         -4.7046e-02,  5.3290e-02, -3.8422e-02,  5.4039e-02,  2.1014e-03,
          3.1007e-01, -1.0655e-01,  1.9968e-01,  1.7711e-01, -8.0362e-02,
         -5.3086e-02,  2.7211e-01,  6.6706e-02,  1.4268e-01,  2.1576e-01,
         -3.8235e-02,  1.5910e-01,  2.3587e-01, -2.2305e-02, -1.8997e-02,
         -7.4875e-02, -6.1184e-02, -1.1708e-01, -8.5223e-02, -1.8678e-01,
          2.0056e-01, -3.3002e-01, -4.9725e-02,  2.1145e-01,  1.1444e-01,
          4.4874e-02,  1.3977e-01,  2.2562e-01, -1.0463e-01,  5.5828e-01,
          3.5841e-02,  8.7941e-02,  9.5131e-02, -3.0757e-01,  9.4480e-02,
         -9.3609e-03, -3.7406e-01,  2.5947e-01,  5.8160e-01, -1.3597e-01,
         -1.0209e-01,  8.6202e-02, -2.4974e-01,  1.0788e-02, -2.9142e-01,
         -2.3611e-01, -3.0149e-01, -3.4264e-01, -8.9205e-02, -3.6258e-02,
          2.6110e-01,  9.2845e-02, -7.2707e-02,  2.0044e-01, -2.1329e-01,
         -2.7264e-01, -1.4392e-01, -2.5965e-32,  3.4094e-01,  1.5275e-01,
          3.9173e-01, -3.9727e-04,  5.2302e-01, -9.7068e-02, -5.5098e-02,
         -3.2015e-01, -2.9058e-01,  3.1052e-01, -2.0381e-01, -1.0925e-01,
         -1.1323e-01,  5.0774e-01,  6.5441e-02,  2.3750e-01, -3.5655e-02,
          5.3657e-02,  3.1951e-01,  4.2536e-02, -1.9001e-01,  1.7114e-01,
          1.2891e-03, -8.5395e-02, -3.4902e-02, -8.5873e-02,  1.0411e-01,
          1.0558e-01,  2.0283e-01,  4.9769e-02, -6.0871e-02,  4.5800e-01,
         -2.2619e-01, -6.0327e-02, -1.1104e-01, -2.4981e-01, -1.5828e-01,
         -1.6437e-01, -7.6111e-02,  5.0360e-01, -8.1134e-02, -1.8174e-01,
         -3.0008e-02,  1.9563e-01, -1.7650e-01,  3.0734e-01, -3.1639e-01,
          1.8191e-01,  2.6127e-01,  1.1228e-01, -1.6693e-01,  7.1235e-02,
          4.4209e-01,  2.1773e-01, -5.5924e-02,  5.5381e-03,  1.5742e-02,
          1.3452e-01,  1.6203e-01, -3.8717e-01, -1.0898e-01,  5.2156e-02,
         -1.5245e-01,  5.5654e-01, -5.5990e-02, -1.4810e-01,  3.2220e-02,
         -6.9784e-02, -2.0145e-02,  2.9495e-01,  2.4710e-03,  7.2442e-02,
         -4.4126e-01,  2.5711e-01, -2.6134e-01,  7.7892e-02,  2.8023e-01,
         -1.6948e-01,  3.2180e-01, -8.3010e-03,  4.8075e-01, -1.3683e-01,
         -4.7696e-01, -1.5005e-01, -4.5512e-02, -2.1549e-01, -2.3906e-01,
         -2.9476e-02, -1.7432e-01,  5.8201e-01,  2.8420e-01, -2.8236e-01,
          2.8210e-01, -1.0541e-01,  2.5888e-01,  2.7406e-32,  3.5701e-02,
          1.1049e-01, -2.1591e-01,  1.4119e-01,  5.9847e-02,  1.2297e-01,
         -2.5369e-01, -3.5907e-02,  8.8609e-02, -2.6519e-02,  2.8107e-01,
          1.4854e-01,  1.8025e-01,  1.5666e-01,  1.5027e-02, -1.6571e-01,
         -1.7094e-01,  5.2507e-02, -2.1400e-01, -1.5635e-02,  2.1962e-01,
         -7.9141e-02, -1.9890e-01, -1.9359e-01, -4.3668e-02,  2.0475e+00,
          1.8459e-01, -1.6516e-01,  1.5307e-01, -1.1776e-01, -9.3936e-02,
         -1.7001e-02,  3.0822e-01, -2.3848e-03, -4.5503e-01,  4.0958e-01,
          9.1973e-02, -3.5907e-01,  7.5225e-02,  2.0149e-01, -3.1060e-02,
         -2.5371e-01,  1.4582e-03,  1.5300e-01,  2.5583e-01, -1.1987e-01,
          3.1974e-01,  4.0800e-01, -3.8925e-01, -5.2321e-02,  1.0785e-01,
         -1.4294e-01,  5.1657e-02, -6.9355e-02, -3.0262e-02, -1.6957e-01,
         -3.7431e-02, -2.6410e-01,  1.1554e-01,  1.6713e-01, -2.8152e-01,
          4.2418e-01, -1.8137e-02,  2.7939e-01, -4.0472e-01,  3.4638e-01,
          8.9451e-02, -5.5017e-01, -4.1716e-01,  2.8509e-01, -4.2284e-01,
         -4.0053e-03, -1.6181e-01,  8.6578e-02,  2.6521e-01, -1.7349e-02,
          1.8439e-01, -2.9924e-01, -2.8557e-02,  2.6764e-01,  1.3468e-01,
         -3.0577e-01,  2.9123e-01,  2.6066e-01, -1.8383e-01,  5.6384e-02,
         -6.5037e-02, -1.5236e-01,  1.6762e-02,  6.6643e-01,  1.7476e-01,
          2.6259e-01, -3.3640e-01,  3.0833e-01,  2.1801e-01, -9.3304e-08,
          4.5531e-01, -4.6811e-01, -4.1536e-01, -6.8670e-03, -1.0764e-01,
          5.0931e-03, -1.0720e-02,  1.6485e-01, -4.1033e-01, -1.5652e-02,
         -3.2218e-01,  1.6230e-01, -1.6696e-01,  2.1283e-01,  2.4560e-01,
          2.9038e-01,  7.5497e-01,  2.6712e-01,  3.0752e-03,  1.9709e-01,
         -2.0759e-01, -1.8810e-02,  7.5398e-01, -1.2373e-03,  1.0533e-01,
         -2.8505e-01, -8.9527e-02, -2.2068e-01,  2.7670e-02, -2.4367e-01,
         -7.5978e-02,  4.6230e-01, -2.7587e-01,  2.4354e-01,  8.7973e-02,
          1.1627e-01,  1.2382e-01, -4.7965e-01, -6.4647e-02,  3.4470e-01,
         -2.0483e-01, -2.8546e-01,  1.5737e-01, -8.8927e-02, -1.5110e-01,
         -2.8412e-01,  2.3413e-01,  4.0393e-01, -1.0699e-01,  1.8272e-01,
         -1.9769e-01,  1.1345e-01, -9.6801e-02,  3.4535e-01,  1.2235e-01,
         -9.3757e-02, -7.6561e-02, -1.4991e-01, -9.2381e-02,  1.6240e-01,
          2.8607e-01,  1.3505e-01, -3.8447e-01, -1.1287e-01]])

--------------------------------------------------------------------------------

Sentence: The traffic during rush hour is getting worse every day.
Embedding: tensor([[ 1.0177e-01, -2.8939e-01,  7.2097e-01,  1.7914e-01, -1.1838e-01,
          2.2110e-01, -4.6999e-02, -2.6590e-01, -2.7312e-01,  1.5443e-01,
         -7.6884e-03,  2.2899e-01, -1.4762e-01,  1.7163e-01,  3.4434e-01,
          8.6406e-02,  5.5715e-01, -6.3260e-02,  9.9918e-02,  8.0536e-02,
          8.5634e-02, -8.5993e-02,  4.3034e-02,  2.5003e-01, -3.1785e-01,
          2.8578e-01, -2.7571e-01,  9.5279e-02, -4.6106e-01, -1.6428e-01,
          9.5302e-02,  8.5182e-02,  1.4445e-01,  9.8803e-02, -1.4588e-01,
         -2.7006e-01,  1.1901e-01,  2.2029e-01,  3.0183e-01, -2.4172e-02,
          4.3810e-01,  2.1801e-01,  5.9798e-03,  2.0376e-01, -2.8671e-01,
         -2.2835e-01,  4.0604e-01, -1.8465e-01,  1.4051e-01, -2.1715e-01,
          3.9972e-01,  2.3253e-01,  2.6491e-01, -4.2757e-02,  6.2381e-02,
         -9.5175e-02, -2.5690e-02,  3.0551e-01, -4.2493e-02, -6.2021e-02,
          1.3751e-01,  2.6903e-01, -4.5616e+00, -4.3991e-02, -6.5222e-01,
          1.4345e-01,  2.8025e-01,  3.7138e-02,  6.2978e-02, -1.6217e-02,
          5.8011e-02,  1.0313e-01, -3.7882e-02, -1.1977e-01, -1.9909e-02,
         -1.7668e-01,  3.0087e-01,  7.0660e-02,  1.8821e-01, -6.6078e-02,
         -8.7341e-02, -2.9235e-01, -1.0291e-03, -2.1379e-01, -4.9093e-02,
          8.9723e-02, -1.1394e-01, -4.3308e-02, -1.1604e-01,  7.9634e-02,
         -2.7925e-01, -1.7956e-01,  4.8802e-02, -2.9620e-01,  7.9608e-02,
          4.4504e-02,  3.9058e-02,  3.5037e-01, -1.2400e-01,  7.8822e-01,
          2.3261e-02,  1.1914e-02,  1.5545e-01, -3.2348e-01,  2.6603e-01,
         -2.7126e-01, -3.3314e-01,  2.2099e-01, -1.1834e-01, -2.5524e-02,
          1.9371e-01,  1.5396e-01, -6.0569e-02,  6.7128e-02, -1.5452e-01,
          9.1475e-02, -3.2632e-01, -1.6379e-01, -1.7389e-01,  2.2886e-02,
         -6.4876e-02,  6.9355e-02, -1.1625e-01,  3.3476e-01,  1.0523e-01,
         -1.8233e-01, -2.2540e-02, -1.7563e-32,  5.2430e-02,  9.2448e-02,
          1.4942e-01, -2.9210e-01,  4.1863e-01, -1.9121e-01, -3.6441e-02,
         -3.1244e-01, -7.7168e-02,  3.3856e-01, -2.7097e-01, -2.0358e-01,
         -9.3827e-02,  2.6490e-01, -1.3761e-01, -4.7551e-03, -1.3952e-01,
          2.5117e-01, -2.9534e-01, -1.4401e-01, -1.5105e-01, -1.1582e-04,
         -2.2390e-02, -2.4120e-01, -9.0551e-02, -2.0944e-01,  4.3377e-02,
          1.7163e-01,  3.8659e-01,  1.7796e-02, -5.5735e-01,  4.4413e-01,
          3.6911e-02,  3.3524e-01,  2.0613e-01, -5.0831e-01,  1.7640e-02,
          1.7443e-01,  2.4458e-04,  6.6519e-02, -1.4489e-01, -3.7260e-01,
         -2.6892e-01,  1.0648e-01,  4.4933e-02,  4.3807e-01,  1.4671e-02,
         -3.6088e-01,  1.8407e-02,  1.1833e-01,  8.0693e-02,  8.0500e-02,
          2.1000e-01, -6.5928e-02, -3.1078e-01,  1.0945e-01,  2.7020e-01,
         -1.3136e-01, -1.0025e-01, -7.7974e-02, -4.0041e-02,  3.7325e-01,
         -8.2122e-02,  6.7669e-01,  2.5367e-01, -3.5672e-01,  1.0174e-01,
          1.4809e-01, -1.5282e-01,  2.1067e-01,  4.4092e-01, -1.0752e-01,
         -3.6760e-01,  4.5050e-01, -1.0219e-01,  2.1985e-01,  3.6845e-01,
         -4.6577e-02,  2.7548e-01, -1.8589e-01,  7.5127e-02,  2.2351e-03,
         -1.3274e-01, -1.5619e-01,  1.6489e-01, -1.2867e-01, -1.0091e-03,
          7.1669e-02, -6.2637e-02,  1.1727e-02,  1.1503e-01, -1.8116e-01,
          1.9020e-01, -1.3960e-01,  4.1395e-01,  1.7470e-32,  8.5767e-02,
         -1.1653e-02,  4.2062e-03,  2.3242e-02, -5.2292e-02,  1.2680e-01,
          1.6898e-01, -3.1354e-01,  2.9704e-01,  1.0095e-01,  6.6146e-02,
          4.4611e-01,  7.9590e-02,  2.6548e-01, -6.3369e-02, -3.9652e-01,
         -4.0375e-02, -8.5086e-02, -4.9810e-01,  6.5887e-02,  5.1021e-02,
         -2.2541e-01, -1.5851e-01,  1.6642e-01, -2.2686e-01,  1.8672e+00,
         -1.4303e-04, -2.7580e-01,  1.3949e-01, -2.0827e-01, -2.2428e-01,
          3.3513e-01,  3.7758e-01,  3.3298e-01, -1.6217e-01,  3.4427e-01,
          2.1617e-03, -3.7204e-01, -1.5522e-01,  6.3151e-02,  1.9732e-01,
         -2.6500e-01,  1.8219e-01, -2.8356e-01,  2.1448e-02,  1.6479e-01,
          1.0664e-01,  1.0568e-01, -5.8255e-01, -1.7686e-01, -1.0359e-01,
         -2.3267e-02,  4.4400e-02,  1.7870e-01, -7.1840e-02,  1.9490e-01,
         -1.8695e-01, -2.5897e-01,  9.9900e-02,  2.4013e-01,  1.1427e-01,
          2.8931e-01, -2.4326e-01,  6.2845e-02, -1.8999e-01, -2.8280e-01,
          6.8254e-02, -6.4214e-01, -3.6301e-01,  3.1105e-01, -1.8046e-01,
         -1.8821e-01, -3.0721e-01,  2.4475e-01, -2.1742e-01,  7.6577e-02,
         -1.8987e-01, -2.9197e-02, -1.6847e-01,  1.1827e-01,  3.7460e-01,
         -1.9934e-01, -1.2821e-01,  2.2066e-01, -3.1342e-01,  1.9601e-01,
         -5.6542e-02,  5.0379e-02,  6.4611e-02,  3.8184e-01, -5.2452e-02,
          3.3510e-01, -3.4565e-01,  5.5318e-01, -2.9528e-01, -9.2866e-08,
          9.1128e-02, -1.4130e-01, -1.5514e-01, -5.1246e-02, -3.5684e-02,
         -1.7817e-02, -7.4763e-02,  2.7708e-01, -2.7421e-01,  5.7796e-02,
         -3.3541e-01, -9.8378e-02,  2.3350e-02,  3.4036e-01,  4.2673e-03,
          2.2942e-01,  1.3576e-01, -3.0584e-01,  9.0921e-02,  1.2412e-01,
          3.0331e-02, -9.6255e-02,  1.5591e-01,  2.2545e-01,  3.7244e-01,
         -1.2248e-01, -1.6269e-01,  5.0301e-02,  2.7762e-01,  2.8973e-01,
          1.6781e-01,  5.0701e-01, -3.2930e-01, -5.8941e-02,  8.5984e-02,
          1.6012e-01,  3.4862e-01, -2.8968e-01,  1.1729e-01,  5.1241e-01,
         -5.1631e-02, -1.0711e-01,  2.4996e-01, -1.2362e-01, -9.6972e-03,
         -1.1812e-01,  1.5008e-01,  3.0235e-01, -1.4506e-01,  8.8021e-02,
          8.7049e-02,  6.0623e-02, -2.9266e-01,  1.0440e-01,  3.3573e-01,
          2.8958e-02,  1.0490e-01,  8.6331e-02, -1.6630e-01,  7.7486e-02,
          4.9543e-02,  2.8301e-01,  3.6416e-03,  9.5923e-02]])

--------------------------------------------------------------------------------

Sentence: Excited to announce we're expanding our business to new locations!
Embedding: tensor([[ 2.0628e-03, -4.0446e-01,  3.5497e-01,  1.0756e-01, -2.2913e-02,
         -3.8626e-03,  3.6853e-02, -2.0609e-01, -2.8394e-01,  2.1131e-01,
          5.4461e-02,  2.0653e-02, -1.1783e-01,  4.0653e-02,  2.7640e-01,
         -1.3270e-01,  2.8183e-01, -1.0858e-01,  1.3489e-01, -1.3363e-01,
          3.6972e-01, -1.3001e-01, -7.9918e-02,  1.9091e-01,  1.7941e-01,
          2.3694e-01,  8.2881e-02,  1.5372e-01, -4.1473e-01, -4.9783e-01,
         -1.4174e-02, -5.1218e-02, -1.0385e-01,  2.8230e-02,  2.2286e-01,
         -1.1493e-01,  5.7380e-02, -2.8265e-01,  2.5743e-01, -1.1378e-01,
          2.7114e-01,  2.0456e-01,  2.0098e-01,  3.0419e-01, -1.3050e-01,
          5.5043e-02,  1.3177e-01, -1.0576e-01, -2.4633e-01,  1.3133e-01,
          1.2785e-01,  8.7928e-02,  6.2977e-02, -1.1903e-01, -1.6357e-02,
         -4.7344e-02, -1.5777e-01, -7.6972e-02, -3.2942e-02, -1.3355e-01,
          3.1493e-01,  1.3902e-01, -4.3255e+00, -2.2796e-02, -3.1477e-01,
          9.1582e-03,  9.0832e-03, -3.0934e-02, -2.5076e-01, -3.4242e-01,
          1.7658e-01, -6.0579e-02,  1.3567e-01,  1.4562e-02,  1.2823e-01,
          4.5795e-02,  1.4927e-01,  1.3229e-01,  2.2399e-01,  8.1560e-02,
          2.8461e-02,  7.6793e-03,  1.3276e-01, -2.7277e-01, -3.1831e-01,
         -8.9532e-02, -5.0115e-02, -8.3357e-02, -9.9338e-02,  8.7423e-03,
          1.0940e-01, -1.3346e-01, -4.9853e-02,  6.0679e-02, -2.3532e-01,
         -1.4826e-01, -1.5606e-01,  4.5502e-02, -1.6376e-01,  1.4092e+00,
         -6.8256e-02,  3.1131e-02,  1.1044e-01, -2.3006e-01,  1.1318e-01,
         -1.2094e-01, -3.3695e-01,  3.7009e-01,  1.7210e-01, -2.1956e-02,
         -5.6444e-02,  1.3371e-01, -3.4838e-02, -6.6488e-02, -3.0929e-01,
         -3.6199e-02, -7.0486e-02, -5.3635e-02,  2.0107e-02, -9.0887e-02,
          1.7006e-01,  2.1923e-01, -1.4528e-02, -2.1301e-03,  2.8226e-02,
         -1.3415e-01,  3.4513e-02, -2.8043e-32,  7.1699e-02,  3.7549e-01,
          2.5806e-01, -4.5209e-02,  1.7873e-01,  2.6396e-02, -7.8965e-02,
         -1.3690e-01, -4.9874e-01,  3.2501e-01, -2.1137e-01, -8.2322e-02,
          3.5361e-01,  2.4010e-01,  8.1622e-02,  9.4338e-03,  2.1055e-01,
          7.1382e-02,  5.0671e-02,  2.6146e-03, -1.1155e-01,  1.5755e-02,
         -1.4001e-01,  9.6925e-02,  1.3874e-01, -1.6960e-01, -1.0820e-01,
          3.3759e-02,  2.4464e-01,  7.8099e-02, -3.1021e-01,  1.5889e-01,
         -2.4200e-01, -8.1291e-02, -8.4387e-02, -3.8401e-01, -2.6892e-01,
         -2.4493e-01,  1.6595e-01,  6.5769e-02,  9.0999e-02, -2.7228e-01,
         -6.1453e-02,  2.2815e-01,  5.6597e-02,  3.5686e-01, -1.9598e-01,
         -1.0738e-01,  3.7254e-01, -3.8638e-02, -1.1699e-01,  1.6828e-01,
          2.9690e-01,  1.9295e-01,  1.8898e-02,  1.1495e-01, -6.3294e-02,
         -1.0196e-01,  2.6235e-01, -2.5065e-01, -7.9780e-02,  2.9046e-01,
         -1.2000e-01,  3.9043e-01,  2.1976e-01, -2.6399e-01,  1.1828e-01,
          2.2289e-01,  1.2261e-01,  1.3804e-01,  3.2159e-01, -1.8448e-01,
         -3.0836e-01,  6.3389e-01, -1.1302e-01,  9.3679e-02,  1.4957e-01,
         -6.0908e-02,  3.3149e-01, -2.0020e-02,  7.7461e-02,  4.6051e-02,
         -3.3799e-01,  8.8375e-02,  2.0662e-02, -8.1454e-02,  1.2750e-02,
         -7.0016e-03,  8.7248e-02,  2.1904e-01,  1.9501e-01, -4.9039e-02,
          6.3946e-02, -3.1773e-02,  3.6923e-01,  2.5466e-32,  2.3244e-01,
          1.4766e-01, -3.4927e-01, -4.9369e-02, -2.5280e-01,  1.4124e-01,
          2.1361e-01,  5.7937e-02, -4.0023e-02,  5.7647e-02,  3.5721e-02,
          2.4370e-01,  3.5620e-02,  6.0221e-02, -9.3076e-02, -2.8115e-01,
         -6.5598e-02,  4.2429e-02, -1.7782e-01,  6.9341e-02, -8.2761e-02,
         -3.4600e-01, -1.7408e-01, -6.6146e-02,  1.1284e-01,  1.8190e+00,
          2.8802e-01, -2.7826e-01,  1.7383e-01, -1.5171e-01, -5.2500e-01,
          1.4590e-01,  2.8914e-01,  3.7623e-01,  2.1267e-03,  6.0739e-02,
          2.9146e-01, -5.1381e-01,  1.1490e-01,  1.0865e-01,  1.6673e-01,
         -2.9635e-01,  1.2357e-01,  2.0085e-01, -3.4638e-02, -7.5059e-02,
          3.8400e-01,  8.6055e-02, -3.2368e-01, -2.4298e-02,  2.6035e-02,
          4.2214e-02, -6.2296e-02, -6.9648e-02, -9.7735e-02,  2.9080e-01,
          7.9211e-02, -8.5207e-02,  2.4014e-02,  9.3250e-02, -3.4920e-01,
          2.5170e-01,  6.4062e-02,  3.5077e-01, -1.9628e-01, -9.5075e-02,
          2.6053e-01, -4.4030e-01, -1.6954e-01,  3.9802e-02, -2.1347e-01,
          1.3764e-01, -3.3893e-01,  1.3672e-02, -1.1094e-01, -3.1257e-02,
          1.3261e-01, -4.5448e-01, -1.3041e-01,  1.8364e-02, -2.9076e-03,
         -3.9968e-03, -2.7559e-02,  2.1495e-01, -1.4479e-01,  1.7786e-01,
         -1.4989e-01,  1.8754e-01, -4.0097e-04,  2.2538e-01,  1.5734e-01,
          4.4182e-01, -2.0232e-01,  1.8830e-01,  1.4784e-02, -9.2521e-08,
         -5.8504e-02, -1.7185e-02, -2.9919e-01,  6.1848e-02, -7.5604e-02,
         -1.3867e-02,  4.6567e-02,  2.7611e-01, -1.7356e-01,  1.2873e-02,
         -1.5720e-01,  9.0828e-02, -1.9261e-01,  4.4280e-01,  1.6692e-01,
          3.9995e-01,  2.1883e-01,  4.4359e-02,  1.9681e-01,  1.1043e-01,
         -1.1561e-02,  2.5322e-01,  2.5497e-01,  7.2723e-02,  1.2183e-01,
         -2.4601e-01, -2.1982e-01, -2.3611e-01,  1.1875e-01, -2.3758e-01,
          2.4821e-01,  3.8876e-01, -4.3106e-01,  2.8486e-01, -7.1095e-02,
          1.4197e-01,  9.5928e-02, -2.4445e-01,  1.2089e-01,  4.0264e-01,
         -3.1414e-01, -2.8347e-01,  1.6308e-02,  4.0570e-02, -4.0712e-01,
         -2.7489e-01,  4.8217e-02,  1.8288e-01, -1.0560e-01, -1.9172e-01,
         -1.6050e-01, -7.5809e-02, -1.1302e-01,  1.2641e-01,  2.6735e-01,
          3.0261e-02, -6.5430e-02,  6.0315e-02,  6.5919e-02,  4.6917e-01,
          9.2713e-02, -6.7206e-02, -3.3956e-01,  7.3436e-04]])

--------------------------------------------------------------------------------

Sentence: Warning: Dangerous storm system approaching the coast.
Embedding: tensor([[-2.6738e-02,  1.0658e-01,  4.8850e-01,  2.2155e-01,  1.0402e-02,
          1.2553e-02, -3.0333e-02, -9.7987e-02, -2.9246e-01,  1.8340e-01,
         -5.6411e-02, -2.8615e-01,  1.1255e-01,  1.2192e-01, -3.1364e-02,
          1.1608e-01, -7.1592e-02, -1.6912e-01,  2.6265e-01,  1.2926e-01,
          1.8726e-01,  4.0014e-01, -3.9115e-01,  2.2090e-01, -7.7810e-02,
          3.4648e-01, -5.3069e-02,  1.3002e-01, -4.2913e-01, -8.4074e-02,
          1.9017e-01, -1.1722e-02, -1.0743e-01,  6.0392e-02,  1.4020e-02,
         -4.3106e-02,  2.2707e-01, -2.8205e-02, -7.6392e-02, -9.1879e-02,
          7.7272e-02,  4.9293e-01,  3.3355e-01,  2.6219e-01, -2.1869e-01,
         -1.3180e-01,  4.2851e-02, -1.9078e-01, -1.9183e-01,  2.7659e-02,
          2.6268e-01, -1.1109e-01, -1.9761e-01,  9.0609e-02,  2.0880e-02,
         -7.5383e-02, -1.7570e-01, -6.3144e-02,  1.4007e-01, -1.7219e-01,
          4.2695e-01,  3.5478e-01, -4.9807e+00, -1.6752e-03, -2.6263e-01,
          6.1677e-02, -8.6244e-02,  4.1876e-02, -2.2253e-02, -5.1854e-02,
         -9.6698e-02, -6.7721e-02,  1.9380e-01,  1.5317e-01, -1.2287e-01,
         -3.2869e-01,  4.6332e-01,  8.9493e-02,  3.2052e-01, -1.1525e-01,
         -2.5543e-01, -2.4310e-02,  1.2661e-01, -1.5057e-01,  1.3061e-01,
          2.2370e-02,  9.9309e-02, -3.8624e-02,  2.0846e-01,  2.5977e-01,
         -8.1003e-04, -4.2339e-01, -8.4210e-02,  1.9632e-01,  2.9380e-01,
          5.8616e-02, -6.9550e-03,  1.2568e-01, -1.5321e-01,  5.3825e-01,
          2.8476e-01,  1.0211e-01,  1.6852e-01, -2.8013e-01,  1.2170e-01,
          1.1997e-01, -4.1599e-01,  2.5293e-01, -7.7106e-02, -2.9585e-01,
         -1.8564e-01,  2.4981e-01, -2.7529e-01,  6.5510e-02, -3.4323e-02,
          1.3671e-01, -1.9486e-01, -5.2156e-01, -2.4583e-01,  7.1462e-02,
          5.7386e-02, -1.7764e-01,  1.7726e-01,  1.3619e-01,  9.9104e-02,
          3.5490e-01,  1.0452e-01, -1.7827e-32,  2.2848e-01,  5.3401e-03,
         -1.1058e-02, -8.9765e-02,  2.9329e-01,  1.1910e-02, -1.6244e-02,
         -3.1357e-01, -3.7224e-01,  4.9877e-01, -3.3508e-01, -4.5821e-02,
         -1.2835e-01,  5.9391e-01,  1.1059e-01,  2.7259e-03,  2.1446e-01,
          2.1840e-02, -6.1792e-01, -3.0327e-01, -9.1227e-02,  1.6883e-02,
          1.4295e-02, -3.2804e-01,  2.1334e-02, -3.0773e-01, -1.3028e-01,
          2.6781e-02,  2.9359e-01,  2.2813e-01, -4.5222e-01,  4.9183e-01,
          2.0097e-01, -1.5706e-02,  1.7236e-01, -4.2314e-01,  3.3828e-02,
         -2.6947e-01, -3.2126e-02,  5.8858e-02,  7.6061e-02, -2.4882e-01,
         -8.5858e-02,  5.8730e-01,  2.4211e-01,  1.6877e-01, -1.8631e-03,
         -7.6558e-02,  1.5896e-01,  3.4876e-02, -4.6130e-02,  2.1700e-02,
          1.6541e-01,  1.0616e-01,  1.4664e-02,  2.8250e-01,  2.7400e-01,
          5.6945e-02, -1.7800e-01, -3.9502e-01, -1.7113e-01,  1.6709e-01,
          9.2207e-02,  4.6618e-01,  3.7022e-01, -1.6783e-01,  3.0285e-01,
          6.4672e-02, -1.7043e-01, -7.7822e-02, -1.3988e-02, -2.3234e-01,
         -3.1409e-02,  4.5278e-01,  3.9845e-03,  1.1120e-02,  3.0797e-01,
          3.1085e-02,  1.7217e-01, -1.8002e-01, -2.5905e-02, -6.0238e-02,
         -3.0392e-01, -3.2690e-02,  1.9944e-03, -9.8830e-02, -1.2613e-01,
          9.3455e-02, -4.3759e-01,  2.7379e-01,  1.3475e-01,  6.2549e-02,
          3.0699e-01, -1.4093e-01,  4.3550e-01,  1.7768e-32, -6.9017e-03,
          1.3268e-01, -2.2742e-01, -6.1834e-02, -1.6622e-02, -4.2965e-02,
          1.4288e-01, -2.9128e-01, -4.4100e-03, -4.4795e-02, -2.9034e-01,
          2.5333e-01,  5.3649e-02, -1.8016e-02,  3.1062e-01, -2.3013e-01,
          2.8824e-02,  3.7271e-01, -3.3036e-01, -1.6184e-01,  3.2959e-01,
         -4.8086e-01, -1.2671e-01,  1.5513e-01, -7.4888e-02,  2.0298e+00,
          2.4950e-01, -4.5414e-01,  1.7027e-01, -4.7190e-01, -3.0412e-01,
          6.9950e-02,  4.5566e-01,  1.0913e-01, -3.6575e-01,  3.1096e-01,
          2.0150e-01, -4.1971e-01,  7.4299e-03,  3.6633e-02,  3.5620e-01,
         -7.1005e-02,  2.7378e-01, -4.8287e-02, -2.7344e-01,  1.6116e-01,
          5.1609e-01,  4.4059e-01, -3.2973e-01, -8.2361e-02,  8.3421e-02,
         -4.9751e-02,  1.3621e-01,  3.8039e-01,  8.2750e-02, -5.9257e-03,
         -2.0090e-01, -4.4443e-01,  1.3960e-01,  7.4906e-02,  3.8752e-02,
          1.9485e-01, -3.7074e-01, -7.8362e-02, -2.6950e-01,  9.5499e-02,
          6.6802e-02, -5.4277e-01, -3.1090e-01,  2.9677e-01, -1.7164e-01,
         -4.1741e-02, -2.2058e-01,  6.9548e-03, -5.0021e-03, -1.5457e-01,
         -1.6284e-01, -4.5025e-01, -4.0003e-01,  2.3825e-01,  1.7580e-01,
         -3.6634e-01, -1.0629e-01,  2.7498e-01, -3.2334e-01, -3.3969e-01,
         -7.6578e-02, -1.1116e-02,  2.0654e-01,  1.5451e-01,  2.7621e-02,
          4.8571e-01, -4.3675e-01,  3.2812e-01,  1.4380e-01, -9.3078e-08,
          3.4679e-01, -2.3763e-01, -7.1238e-02,  1.0346e-01, -4.8677e-02,
         -9.3455e-03,  1.8127e-01,  2.5143e-01, -6.2092e-02, -1.3244e-01,
         -3.0029e-01,  7.4149e-02,  1.3984e-01, -1.2487e-01,  3.0071e-02,
          1.0767e-01,  2.0233e-01, -8.8585e-02, -4.6626e-02, -2.0427e-02,
          7.5987e-02, -1.0805e-01, -4.9972e-02,  2.5980e-01,  1.6007e-01,
          9.7494e-02,  1.7143e-02,  2.3675e-01,  2.3005e-01,  4.5034e-02,
          2.1560e-01,  4.3833e-01, -6.0261e-01,  2.0331e-01, -8.1464e-02,
          3.5470e-01,  2.3736e-01, -1.1218e-01,  1.2575e-01,  4.0218e-01,
         -3.3397e-02, -2.1345e-01,  1.8377e-01,  5.8945e-02, -2.3685e-01,
          7.7359e-02,  3.8804e-02,  2.1060e-01, -8.8576e-02,  7.0530e-02,
          1.3596e-01,  6.0347e-02, -1.6962e-01,  4.9229e-01,  1.2912e-01,
          1.8193e-01,  1.2750e-01, -1.4611e-01, -4.5955e-02,  4.1998e-01,
         -1.8991e-02, -2.5479e-02, -2.8260e-01,  2.7220e-01]])

--------------------------------------------------------------------------------

Sentence: The concert was incredible - the band played all their best hits!
Embedding: tensor([[-7.0379e-02, -1.4239e-01,  2.1587e-01,  4.9920e-02,  7.5608e-02,
          1.8768e-01, -4.5785e-02, -4.8546e-02, -7.5913e-02,  1.1899e-01,
         -3.1670e-02,  8.7887e-02,  1.3846e-02, -5.7967e-02,  1.6938e-01,
         -6.5946e-02,  1.9901e-02, -3.8492e-01,  2.2632e-01,  1.4013e-01,
         -1.1520e-01, -4.2559e-03, -4.4222e-03,  4.1801e-01, -2.4333e-01,
          3.5275e-01, -1.1335e-01,  2.9600e-01, -2.4649e-01, -3.5833e-01,
          1.6006e-01,  3.1015e-01, -3.5922e-01,  9.6607e-02, -9.1464e-04,
         -1.0290e-01, -8.1589e-02, -1.1511e-01, -1.6937e-01, -2.0343e-01,
          3.3141e-02,  3.8263e-01,  2.4738e-01,  2.1487e-03, -2.5553e-01,
         -3.3528e-01,  1.9337e-01, -3.4765e-01, -1.8995e-01,  2.9566e-02,
          3.1887e-01,  1.1852e-01,  2.2645e-01, -5.1834e-01, -2.5381e-01,
          2.4154e-02, -1.9576e-01,  1.3256e-01, -1.4011e-01, -1.8884e-01,
          2.2918e-01, -1.0496e-01, -4.1368e+00, -2.4827e-01, -2.0023e-01,
          1.7021e-01, -5.7828e-02, -2.5894e-02,  1.7307e-01, -8.6858e-02,
          1.1605e-01, -1.7966e-01,  3.0813e-01, -8.9535e-02,  1.6788e-01,
          1.8164e-01,  9.6960e-02, -6.0764e-02, -1.1725e-01,  5.3196e-03,
          1.7003e-01, -2.7037e-01, -1.6893e-02, -2.1958e-01,  1.8818e-01,
         -2.3956e-01, -1.4997e-01, -2.2642e-01, -3.9643e-01, -1.4103e-02,
          1.3072e-01, -1.4204e-02, -4.5571e-02,  7.4904e-02,  3.9452e-02,
         -1.5675e-01,  1.9481e-01,  2.8544e-01,  8.7976e-02,  1.4793e+00,
          6.9840e-02,  2.2334e-01,  1.4491e-02, -3.8050e-01,  2.2791e-01,
         -2.8839e-01, -3.0073e-01,  2.5036e-01,  8.3223e-02, -4.0521e-01,
          8.7988e-02,  1.1827e-01, -2.8519e-01,  4.5759e-01, -1.3409e-01,
         -2.1513e-02, -1.1975e-01,  3.4621e-02, -2.6863e-01, -4.5481e-01,
          1.8806e-01,  3.1764e-01,  1.7876e-02,  3.0883e-01, -2.2053e-01,
         -5.5176e-02,  2.3851e-01, -2.7781e-32,  1.2650e-01, -1.2558e-01,
          1.4480e-01, -3.4755e-01,  2.9586e-01,  1.1973e-01, -3.0719e-01,
         -4.6761e-02, -2.2606e-01,  3.4763e-01, -4.6183e-02, -3.1655e-01,
          2.5259e-01, -4.7697e-02,  1.5272e-01,  1.0160e-01, -9.0342e-02,
          9.4774e-02,  1.5316e-01, -6.2685e-02, -1.4413e-01,  4.3352e-01,
         -1.1245e-01, -2.6660e-01,  2.1460e-02,  6.8933e-02,  1.3477e-01,
          1.4946e-01,  2.3898e-01, -9.5474e-03, -3.2129e-01,  3.2472e-01,
         -1.7467e-01,  1.9816e-01,  1.4056e-01, -1.0405e-01, -4.8438e-02,
         -1.7730e-01,  1.2888e-01,  1.0607e-01,  3.1305e-01,  8.6172e-02,
          5.4130e-02,  1.4402e-01, -2.6938e-01,  6.5600e-01, -6.2704e-01,
          6.1671e-02,  4.4660e-01, -3.2366e-02, -1.7026e-01,  1.5752e-01,
          3.4013e-01,  2.5091e-01, -2.9106e-02,  3.8963e-01, -8.8974e-02,
          9.3505e-02,  3.4271e-01, -2.8659e-01, -1.7947e-02,  2.2189e-01,
          2.3620e-02,  5.1093e-01,  1.2084e-01, -2.3866e-01,  2.0656e-01,
         -1.0601e-01, -7.7144e-03,  2.1786e-02,  2.4877e-01, -2.2624e-02,
         -3.8293e-01, -5.2024e-02,  7.3684e-02,  1.0018e-01,  2.2779e-01,
          6.0844e-02,  1.8994e-01,  2.1103e-01,  3.6172e-01, -3.1373e-02,
         -2.4462e-01, -1.0650e-01,  7.9302e-02, -2.9834e-01, -1.3020e-01,
         -2.3257e-01, -3.4124e-01,  1.2143e-01,  3.3696e-01, -1.4418e-01,
          3.3329e-01, -4.1394e-01,  4.6775e-01,  2.7447e-32,  3.2796e-01,
          2.4006e-01,  1.0131e-01,  6.4057e-02,  1.1423e-01,  1.2258e-01,
         -2.5233e-01,  1.6363e-01, -1.0872e-01,  6.3229e-02,  2.2546e-01,
          2.9359e-01,  1.0044e-02, -4.2541e-01, -4.8275e-01, -1.9114e-01,
         -2.4644e-01,  6.4311e-04,  1.8348e-01,  3.4976e-02, -9.6584e-02,
         -4.3280e-01, -4.5230e-02, -2.2754e-01, -3.2525e-02,  1.5475e+00,
          3.0570e-01, -1.2434e-01,  1.0184e-01, -2.7750e-01,  1.0371e-01,
          2.6603e-01,  1.4408e-01, -7.4595e-02, -2.7605e-01,  3.4334e-01,
          7.8045e-02, -1.6465e-01, -1.2787e-01, -1.7519e-01, -1.1053e-01,
         -8.7115e-02, -1.9531e-02,  3.8752e-01,  2.8967e-01,  1.4934e-01,
          2.5625e-01,  3.5691e-01, -4.9055e-01, -1.8230e-01,  1.5655e-01,
          1.5836e-01, -3.8001e-03, -1.2341e-01, -2.3938e-02,  1.3167e-01,
          9.9709e-02, -5.1142e-01,  3.8189e-01, -1.9429e-02, -4.3371e-01,
          1.1197e-01, -2.3791e-01,  1.9626e-01, -2.8128e-01,  1.6420e-01,
          8.5874e-02, -4.8895e-01, -3.9438e-01,  2.3046e-01, -3.2438e-01,
          1.4859e-01, -9.0610e-02,  2.4459e-01, -3.9676e-02, -2.3881e-01,
         -1.5043e-01, -2.7288e-01,  1.6652e-01,  4.1729e-02, -7.6588e-02,
          6.5639e-02, -1.2498e-01,  2.7272e-01, -3.8638e-02,  3.6209e-01,
          1.3959e-02,  2.5270e-01,  1.2299e-01,  5.0039e-01,  4.5874e-01,
          1.6885e-01, -1.9275e-01, -1.2520e-01,  3.1712e-01, -9.4760e-08,
          5.2509e-02,  1.6732e-01, -6.2433e-01, -2.7916e-01,  1.0837e-01,
         -1.5165e-02,  2.0505e-01,  4.3549e-01, -1.4099e-01,  1.3318e-01,
         -5.8490e-01, -2.2167e-02, -1.6336e-01,  1.4957e-01, -2.4722e-02,
          1.6948e-01,  3.8555e-01,  1.7944e-01,  1.2233e-01,  3.9605e-01,
         -1.2071e-01, -1.2360e-01,  5.4293e-01,  2.3445e-01,  6.0269e-01,
         -2.5505e-01, -1.7252e-01, -4.6236e-01,  1.9812e-01, -4.0290e-01,
          1.5327e-01,  3.8287e-01, -4.0055e-01,  4.1515e-01,  8.6654e-02,
          9.4750e-02,  2.8043e-01, -3.3072e-01,  1.8615e-02,  3.4448e-01,
         -2.2857e-01, -3.6380e-01,  1.1808e-01,  5.4381e-03, -9.4363e-02,
         -5.0850e-02,  3.3417e-02,  1.6412e-01, -1.2177e-01,  1.9665e-02,
         -1.1908e-01, -4.1468e-02, -3.7232e-01,  2.1546e-01,  4.8783e-02,
         -9.0027e-02, -1.2654e-01,  1.3228e-01, -1.5451e-01,  3.9459e-01,
          1.5955e-01,  6.6344e-02, -3.1574e-01, -1.1737e-01]])

--------------------------------------------------------------------------------

Sentence: Stock market reaches record highs as investor confidence grows.
Embedding: tensor([[ 3.5801e-02, -5.8730e-01,  3.3453e-01,  1.5234e-01,  1.5956e-02,
          4.2502e-02, -6.1155e-02,  1.9365e-01, -1.3612e-01,  3.7312e-01,
         -2.9068e-01,  2.0360e-01, -5.8285e-01, -3.5306e-01,  1.1723e-01,
         -1.2291e-01,  3.4223e-01,  2.9705e-01,  1.1460e-01,  8.9206e-02,
         -4.3356e-02, -2.4514e-01, -4.8125e-03,  1.0558e-01, -1.0938e-01,
          9.0798e-02, -2.4744e-02, -3.5856e-03, -2.8873e-01, -3.6321e-03,
         -1.5821e-02, -3.0676e-01,  2.4945e-01,  2.0569e-01, -5.6856e-02,
          7.1446e-02, -1.2572e-01,  1.1996e-01,  3.1842e-01, -1.8057e-01,
          7.7001e-02,  3.2672e-01, -5.9618e-02,  2.6349e-01, -8.9461e-02,
          2.7908e-02,  1.8791e-01, -3.1065e-01, -2.9515e-01, -3.3926e-02,
         -4.3046e-01,  7.0665e-02,  4.2922e-02, -2.8573e-02, -4.0040e-01,
         -2.4155e-01, -7.4440e-02,  5.2841e-02,  2.6851e-01, -8.9241e-02,
          1.2351e-01,  1.0412e-01, -4.0485e+00,  6.0823e-02,  2.3155e-01,
          1.6412e-01, -6.8639e-02,  1.2484e-01, -5.4069e-02,  7.3647e-02,
          2.4204e-01, -9.8304e-03, -4.7602e-01, -1.8533e-02, -3.8888e-01,
         -2.4144e-01, -1.9041e-01,  6.1022e-02,  3.7712e-01,  3.8446e-02,
          2.2929e-01,  9.0983e-02,  1.6753e-03, -3.0884e-01,  1.0845e-01,
         -1.0941e-01,  1.0008e-01, -1.9826e-02, -3.1333e-01,  2.8696e-01,
          7.1116e-03, -2.7373e-01, -4.9334e-02,  2.1200e-01,  2.1230e-02,
          1.4636e-01, -8.9349e-02, -1.5728e-01, -1.6746e-01,  9.0181e-01,
          4.0203e-01,  2.8876e-01,  3.5247e-02, -1.5892e-01, -2.5044e-01,
         -2.5614e-01, -2.0286e-01, -1.9859e-01,  5.5744e-01,  1.5595e-02,
         -2.5705e-01,  3.0739e-01, -3.3988e-01,  1.9979e-01, -7.0703e-02,
          2.5992e-02, -4.9460e-01, -1.6272e-01,  8.6436e-02,  1.1464e-01,
          3.5446e-01,  9.3541e-02,  1.5129e-02, -7.3909e-02, -1.5205e-01,
          3.4822e-03, -1.4174e-01, -3.0724e-32, -1.7253e-01,  1.8677e-01,
          1.5053e-01, -9.2869e-02, -9.2214e-02, -1.3798e-01, -3.0918e-01,
         -4.3414e-01, -8.1878e-01,  6.1417e-01, -3.7280e-02, -2.2078e-01,
         -2.4173e-01,  1.8083e-01,  2.5227e-01, -2.0100e-01, -2.2520e-01,
          1.5067e-01, -1.3229e-01, -6.1454e-02,  1.1851e-01, -6.6566e-02,
          7.4311e-02,  4.2884e-02,  4.9705e-02, -3.8738e-01, -3.0895e-01,
          3.1532e-01,  4.1437e-01,  8.6165e-02, -6.0762e-02,  2.5424e-02,
         -2.3642e-01, -1.1676e-01, -2.5141e-01, -6.0618e-01,  3.2408e-02,
         -5.0891e-02,  2.2707e-01,  2.4935e-01, -1.8450e-01, -3.7272e-02,
          1.2912e-01, -8.8401e-02,  4.3889e-01,  3.9070e-01, -7.5115e-02,
         -3.9121e-01,  5.5808e-02, -1.7526e-01, -5.3125e-02, -2.8738e-01,
          1.8626e-01, -1.2657e-01, -4.7240e-02,  4.1660e-01,  2.0387e-01,
         -3.6177e-02, -4.7179e-01, -6.6385e-02, -2.2286e-01,  1.9241e-01,
         -1.4738e-01,  5.6657e-01, -2.5112e-01,  4.7104e-01,  1.4056e-01,
          3.9124e-01, -2.9836e-01,  5.7750e-01,  5.5760e-01, -2.6163e-01,
         -3.8640e-01,  4.3403e-01, -2.8268e-01,  1.1250e-01,  4.3273e-02,
         -1.1656e-01,  3.1010e-01, -7.2287e-04,  2.9046e-01, -3.4977e-01,
         -4.0478e-01,  1.3854e-01,  5.2688e-03,  2.5971e-01, -5.8923e-02,
          4.4233e-02,  3.5002e-02, -1.7681e-02,  3.8000e-01, -2.4136e-02,
          2.1641e-01,  1.8925e-01,  3.3082e-01,  1.3432e-32,  1.8259e-02,
         -3.4101e-02, -2.4721e-01,  1.7211e-01, -2.6887e-01,  4.1523e-02,
          4.4268e-02, -3.2240e-01,  2.1652e-01,  1.9572e-01,  7.4759e-02,
          2.0378e-01,  2.6263e-01,  9.9983e-02, -1.1991e-01, -3.5703e-01,
         -1.4460e-01, -2.3600e-01, -2.1451e-01, -4.6003e-01,  3.0112e-01,
         -4.1287e-01, -9.4488e-03,  1.5691e-01,  5.9762e-02,  1.6791e+00,
         -1.8511e-01, -3.9809e-01,  5.3225e-02, -2.4163e-01, -2.8811e-01,
          6.5320e-02,  4.7516e-01,  2.1706e-01, -5.9537e-02,  4.8571e-01,
          3.3542e-01, -1.7710e-01, -6.9709e-02, -5.9991e-02, -1.7462e-01,
         -2.7409e-01,  4.5574e-01, -1.6171e-01,  1.2542e-01,  7.3604e-03,
          2.3711e-01,  4.7589e-01, -7.3464e-03,  8.7366e-02, -6.1493e-02,
         -4.1203e-02,  6.5543e-02,  2.3537e-01, -2.5874e-01, -3.5610e-02,
         -1.9276e-01, -4.1605e-01, -6.6707e-02,  7.0233e-02, -2.4185e-03,
          4.2672e-01, -8.2964e-02,  7.5274e-02, -5.7269e-01, -2.0328e-01,
         -4.8509e-01, -3.6746e-01, -1.2321e-01,  1.9612e-01, -1.7998e-01,
         -1.7423e-01, -4.5691e-02,  7.8830e-02, -1.8402e-01,  5.3281e-01,
         -1.1958e-01, -9.9217e-02, -4.4500e-02,  3.7102e-01,  1.7286e-01,
          8.0381e-02, -9.1248e-02,  5.2306e-01, -3.0675e-01,  5.7449e-02,
         -2.4679e-01,  1.4630e-01, -2.5404e-02,  3.7773e-02,  2.2836e-01,
          1.0490e-02, -1.5650e-01,  3.1341e-01, -4.4162e-01, -9.5851e-08,
         -3.6993e-02, -6.1720e-01, -6.7113e-03, -3.6952e-01,  1.5349e-01,
          2.6903e-02,  3.0150e-01,  2.2136e-01,  2.6636e-01,  2.2493e-01,
         -3.5681e-01,  1.6421e-01, -3.0048e-01,  2.4813e-03, -1.0582e-01,
         -2.0613e-01,  2.6041e-01, -1.2266e-01,  2.9947e-01,  1.3883e-01,
         -5.0966e-02, -2.5215e-02,  3.6308e-01,  2.5460e-01,  2.3972e-01,
         -5.0969e-02, -4.1943e-02, -1.9476e-01, -1.9056e-01,  2.5628e-01,
          1.4008e-01,  2.1757e-01,  2.8450e-01,  6.3975e-02, -7.8743e-02,
          6.5225e-01,  1.9750e-01,  6.1545e-03,  1.2673e-01, -3.0373e-01,
         -1.9226e-01, -4.5010e-02,  2.0042e-01, -5.7139e-02, -8.9161e-02,
          3.9690e-02,  4.4504e-01,  4.9818e-01,  4.0807e-01, -2.8775e-01,
         -2.9751e-02,  1.5819e-02,  2.8527e-02,  2.8731e-01,  4.1115e-02,
          5.1035e-01, -2.6779e-01,  4.9399e-01, -3.5772e-02, -2.5928e-01,
          6.1973e-02, -3.0668e-01, -2.1968e-01,  3.6253e-01]])

--------------------------------------------------------------------------------

